1    82    -11.5 -1
2    112   -0.93 -2
3    112   -0.93 -3
4    82    -11.5 -4
5    82    -11.5 -5
6    82    -11.5 -6
7    112   -0.93 -7
8    112   -0.93 -8
9    82    -11.5 -9
10    112   -0.93 -10
11    82    -11.5 -11
12    112   -0.93 -12
13    82    -11.5 -13
14    82    -11.5 -14
15    82    -11.5 -15
16    82    -11.5 -16
17    82    -11.5 -17
18    82    -11.5 -18
19    82    -11.5 -19
20    112   -0.93 -20
21    112   -0.93 -21
22    82    -11.5 -22
23    82    -11.5 -23
24    112   -0.93 -24
25    112   -0.93 -25
26    112   -0.93 -26
27    112   -0.93 -27
28    112   -0.93 -28
29    82    -11.5 -29
30    82    -11.5 -30
31    112   -0.93 -31
32    112   -0.93 -32
33    82    -11.5 -33
34    82    -11.5 -34
35    112   -0.93 -35
36    82    -11.5 -36
37    82    -11.5 -37
38    82    -11.5 -38
39    82    -11.5 -39
40    82    -11.5 -40
41    112   -0.93 -41
42    82    -11.5 -42
43    82    -11.5 -43
44    112   -0.93 -44
45    82    -11.5 -45
46    112   -0.93 -46
47    112   -0.93 -47
48    112   -0.93 -48
49    82    -11.5 -49
50    82    -11.5 -50
51    112   -0.93 -51
52    112   -0.93 -52
53    82    -11.5 -53
54    82    -11.5 -54
55    112   -0.93 -55
56    112   -0.93 -56
57    112   -0.93 -57
58    82    -11.5 -58
59    82    -11.5 -59
60    112   -0.93 -60
61    82    -11.5 -61
62    82    -11.5 -62
63    112   -0.93 -63
64    82    -11.5 -64
65    82    -11.5 -65
66    112   -0.93 -66
67    112   -0.93 -67
68    112   -0.93 -68
69    82    -11.5 -69
70    82    -11.5 -70
71    82    -11.5 -71
72    82    -11.5 -72
73    112   -0.93 -73
74    112   -0.93 -74
75    112   -0.93 -75
76    112   -0.93 -76
77    82    -11.5 -77
78    112   -0.93 -78
79    112   -0.93 -79
80    82    -11.5 -80
81    82    -11.5 -81
82    112   -0.93 -82
83    112   -0.93 -83
84    112   -0.93 -84
85    82    -11.5 -85
86    112   -0.93 -86
87    112   -0.93 -87
88    82    -11.5 -88
89    82    -11.5 -89
90    112   -0.93 -90
91    112   -0.93 -91
92    112   -0.93 -92
93    82    -11.5 -93
94    112   -0.93 -94
95    112   -0.93 -95
96    82    -11.5 -96
97    112   -0.93 -97
98    82    -11.5 -98
99    112   -0.93 -99
100    82    -11.5 -100
101    112   -0.93 -101
102    82    -11.5 -102
103    82    -11.5 -103
104    82    -11.5 -104
105    82    -11.5 -105
106    82    -11.5 -106
107    112   -0.93 -107
108    82    -11.5 -108
109    112   -0.93 -109
110    112   -0.93 -110
111    112   -0.93 -111
112    82    -11.5 -112
113    112   -0.93 -113
114    82    -11.5 -114
115    112   -0.93 -115
116    82    -11.5 -116
117    112   -0.93 -117
118    82    -11.5 -118
119    82    -11.5 -119
120    82    -11.5 -120
121    112   -0.93 -121
122    82    -11.5 -122
123    82    -11.5 -123
124    82    -11.5 -124
125    82    -11.5 -125
126    112   -0.93 -126
127    82    -11.5 -127
128    82    -11.5 -128
129    82    -11.5 -129
130    82    -11.5 -130
131    112   -0.93 -131
132    82    -11.5 -132
133    112   -0.93 -133
134    82    -11.5 -134
135    82    -11.5 -135
136    82    -11.5 -136
137    82    -11.5 -137
138    112   -0.93 -138
139    112   -0.93 -139
140    112   -0.93 -140
141    112   -0.93 -141
142    82    -11.5 -142
143    82    -11.5 -143
144    82    -11.5 -144
145    82    -11.5 -145
146    82    -11.5 -146
147    112   -0.93 -147
148    82    -11.5 -148
149    82    -11.5 -149
150    112   -0.93 -150
151    82    -11.5 -151
152    82    -11.5 -152
153    82    -11.5 -153
154    82    -11.5 -154
155    112   -0.93 -155
156    112   -0.93 -156
157    112   -0.93 -157
158    82    -11.5 -158
159    112   -0.93 -159
160    82    -11.5 -160
161    112   -0.93 -161
162    82    -11.5 -162
163    112   -0.93 -163
164    82    -11.5 -164
165    82    -11.5 -165
166    112   -0.93 -166
167    112   -0.93 -167
168    82    -11.5 -168
169    82    -11.5 -169
170    82    -11.5 -170
171    82    -11.5 -171
172    112   -0.93 -172
173    112   -0.93 -173
174    82    -11.5 -174
175    112   -0.93 -175
176    82    -11.5 -176
177    112   -0.93 -177
178    112   -0.93 -178
179    82    -11.5 -179
180    82    -11.5 -180
181    82    -11.5 -181
182    112   -0.93 -182
183    82    -11.5 -183
184    112   -0.93 -184
185    112   -0.93 -185
186    82    -11.5 -186
187    112   -0.93 -187
188    82    -11.5 -188
189    82    -11.5 -189
190    82    -11.5 -190
191    112   -0.93 -191
192    82    -11.5 -192
193    82    -11.5 -193
194    112   -0.93 -194
195    112   -0.93 -195
196    82    -11.5 -196
197    82    -11.5 -197
198    112   -0.93 -198
199    112   -0.93 -199
200    112   -0.93 -200
201    82    -11.5 -201
202    82    -11.5 -202
203    112   -0.93 -203
204    82    -11.5 -204
205    112   -0.93 -205
206    112   -0.93 -206
207    82    -11.5 -207
208    82    -11.5 -208
209    82    -11.5 -209
210    112   -0.93 -210
211    112   -0.93 -211
212    112   -0.93 -212
213    112   -0.93 -213
214    82    -11.5 -214
215    82    -11.5 -215
216    82    -11.5 -216
217    82    -11.5 -217
218    82    -11.5 -218
219    82    -11.5 -219
220    82    -11.5 -220
221    112   -0.93 -221
222    82    -11.5 -222
223    112   -0.93 -223
224    112   -0.93 -224
225    82    -11.5 -225
226    112   -0.93 -226
227    82    -11.5 -227
228    112   -0.93 -228
229    82    -11.5 -229
230    82    -11.5 -230
231    82    -11.5 -231
232    82    -11.5 -232
233    82    -11.5 -233
234    112   -0.93 -234
235    82    -11.5 -235
236    112   -0.93 -236
237    82    -11.5 -237
238    112   -0.93 -238
239    112   -0.93 -239
240    112   -0.93 -240
1001    82    -11.5 -1001
1002    82    -11.5 -1002
1003    82    -11.5 -1003
1004    112   -0.93 -1004
1005    112   -0.93 -1005
1006    112   -0.93 -1006
1007    82    -11.5 -1007
1008    82    -11.5 -1008
1009    112   -0.93 -1009
1010    112   -0.93 -1010
1011    82    -11.5 -1011
1012    112   -0.93 -1012
1013    82    -11.5 -1013
1014    82    -11.5 -1014
1015    112   -0.93 -1015
1016    82    -11.5 -1016
1017    112   -0.93 -1017
1018    82    -11.5 -1018
1019    112   -0.93 -1019
1020    82    -11.5 -1020
1021    112   -0.93 -1021
1022    112   -0.93 -1022
1023    112   -0.93 -1023
1024    112   -0.93 -1024
1025    112   -0.93 -1025
1026    82    -11.5 -1026
1027    82    -11.5 -1027
1028    112   -0.93 -1028
1029    112   -0.93 -1029
1030    82    -11.5 -1030
1031    82    -11.5 -1031
1032    112   -0.93 -1032
1033    82    -11.5 -1033
1034    112   -0.93 -1034
1035    82    -11.5 -1035
1036    82    -11.5 -1036
1037    82    -11.5 -1037
1038    82    -11.5 -1038
1039    112   -0.93 -1039
1040    82    -11.5 -1040
1041    112   -0.93 -1041
1042    82    -11.5 -1042
1043    82    -11.5 -1043
1044    82    -11.5 -1044
1045    82    -11.5 -1045
1046    112   -0.93 -1046
1047    82    -11.5 -1047
1048    82    -11.5 -1048
1049    112   -0.93 -1049
1050    112   -0.93 -1050
1051    82    -11.5 -1051
1052    112   -0.93 -1052
1053    82    -11.5 -1053
1054    112   -0.93 -1054
1055    112   -0.93 -1055
1056    82    -11.5 -1056
1057    82    -11.5 -1057
1058    82    -11.5 -1058
1059    112   -0.93 -1059
1060    82    -11.5 -1060
1061    82    -11.5 -1061
1062    112   -0.93 -1062
1063    112   -0.93 -1063
1064    82    -11.5 -1064
1065    82    -11.5 -1065
1066    112   -0.93 -1066
1067    112   -0.93 -1067
1068    82    -11.5 -1068
1069    112   -0.93 -1069
1070    82    -11.5 -1070
1071    82    -11.5 -1071
1072    112   -0.93 -1072
1073    112   -0.93 -1073
1074    82    -11.5 -1074
1075    112   -0.93 -1075
1076    82    -11.5 -1076
1077    82    -11.5 -1077
1078    82    -11.5 -1078
1079    82    -11.5 -1079
1080    112   -0.93 -1080
1081    112   -0.93 -1081
1082    82    -11.5 -1082
1083    82    -11.5 -1083
1084    112   -0.93 -1084
1085    112   -0.93 -1085
1086    82    -11.5 -1086
1087    112   -0.93 -1087
1088    112   -0.93 -1088
1089    82    -11.5 -1089
1090    112   -0.93 -1090
1091    112   -0.93 -1091
1092    82    -11.5 -1092
1093    112   -0.93 -1093
1094    112   -0.93 -1094
1095    112   -0.93 -1095
1096    112   -0.93 -1096
1097    82    -11.5 -1097
1098    82    -11.5 -1098
1099    112   -0.93 -1099
1100    82    -11.5 -1100
1101    82    -11.5 -1101
1102    112   -0.93 -1102
1103    112   -0.93 -1103
1104    112   -0.93 -1104
1105    112   -0.93 -1105
1106    82    -11.5 -1106
1107    82    -11.5 -1107
1108    112   -0.93 -1108
1109    82    -11.5 -1109
1110    112   -0.93 -1110
1111    112   -0.93 -1111
1112    112   -0.93 -1112
1113    82    -11.5 -1113
1114    82    -11.5 -1114
1115    112   -0.93 -1115
1116    82    -11.5 -1116
1117    82    -11.5 -1117
1118    112   -0.93 -1118
1119    82    -11.5 -1119
1120    82    -11.5 -1120
1121    82    -11.5 -1121
1122    112   -0.93 -1122
1123    112   -0.93 -1123
1124    112   -0.93 -1124
1125    112   -0.93 -1125
1126    82    -11.5 -1126
1127    82    -11.5 -1127
1128    112   -0.93 -1128
1129    112   -0.93 -1129
1130    82    -11.5 -1130
1131    82    -11.5 -1131
1132    112   -0.93 -1132
1133    112   -0.93 -1133
1134    82    -11.5 -1134
1135    112   -0.93 -1135
1136    82    -11.5 -1136
1137    82    -11.5 -1137
1138    112   -0.93 -1138
1139    82    -11.5 -1139
1140    82    -11.5 -1140
1141    112   -0.93 -1141
1142    82    -11.5 -1142
1143    112   -0.93 -1143
1144    112   -0.93 -1144
1145    112   -0.93 -1145
1146    112   -0.93 -1146
1147    82    -11.5 -1147
1148    82    -11.5 -1148
1149    112   -0.93 -1149
1150    82    -11.5 -1150
1151    82    -11.5 -1151
1152    112   -0.93 -1152
1153    112   -0.93 -1153
1154    82    -11.5 -1154
1155    112   -0.93 -1155
1156    82    -11.5 -1156
1157    82    -11.5 -1157
1158    82    -11.5 -1158
1159    82    -11.5 -1159
1160    82    -11.5 -1160
1161    112   -0.93 -1161
1162    112   -0.93 -1162
1163    82    -11.5 -1163
1164    82    -11.5 -1164
1165    112   -0.93 -1165
1166    82    -11.5 -1166
1167    82    -11.5 -1167
1168    112   -0.93 -1168
1169    82    -11.5 -1169
1170    112   -0.93 -1170
1171    112   -0.93 -1171
1172    82    -11.5 -1172
1173    112   -0.93 -1173
1174    112   -0.93 -1174
1175    82    -11.5 -1175
1176    112   -0.93 -1176
1177    82    -11.5 -1177
1178    82    -11.5 -1178
1179    112   -0.93 -1179
1180    82    -11.5 -1180
1181    82    -11.5 -1181
1182    112   -0.93 -1182
1183    112   -0.93 -1183
1184    82    -11.5 -1184
1185    82    -11.5 -1185
1186    112   -0.93 -1186
1187    112   -0.93 -1187
1188    112   -0.93 -1188
1189    112   -0.93 -1189
1190    82    -11.5 -1190
1191    112   -0.93 -1191
1192    82    -11.5 -1192
1193    82    -11.5 -1193
1194    112   -0.93 -1194
1195    82    -11.5 -1195
1196    82    -11.5 -1196
1197    112   -0.93 -1197
1198    82    -11.5 -1198
1199    112   -0.93 -1199
1200    112   -0.93 -1200
1201    112   -0.93 -1201
1202    82    -11.5 -1202
1203    112   -0.93 -1203
1204    82    -11.5 -1204
1205    112   -0.93 -1205
1206    112   -0.93 -1206
1207    112   -0.93 -1207
1208    112   -0.93 -1208
1209    112   -0.93 -1209
1210    82    -11.5 -1210
1211    112   -0.93 -1211
1212    112   -0.93 -1212
1213    112   -0.93 -1213
1214    82    -11.5 -1214
1215    82    -11.5 -1215
1216    112   -0.93 -1216
1217    112   -0.93 -1217
1218    112   -0.93 -1218
1219    112   -0.93 -1219
1220    112   -0.93 -1220
1221    82    -11.5 -1221
1222    82    -11.5 -1222
1223    82    -11.5 -1223
1224    112   -0.93 -1224
1225    82    -11.5 -1225
1226    112   -0.93 -1226
1227    112   -0.93 -1227
1228    82    -11.5 -1228
1229    112   -0.93 -1229
1230    112   -0.93 -1230
1231    82    -11.5 -1231
1232    112   -0.93 -1232
1233    112   -0.93 -1233
1234    112   -0.93 -1234
1235    112   -0.93 -1235
1236    112   -0.93 -1236
1237    112   -0.93 -1237
1238    82    -11.5 -1238
1239    82    -11.5 -1239
1240    112   -0.93 -1240
1241    82    -11.5 -1241
1242    112   -0.93 -1242
1243    82    -11.5 -1243
1244    112   -0.93 -1244
1245    112   -0.93 -1245
1246    112   -0.93 -1246
1247    112   -0.93 -1247
1248    82    -11.5 -1248
1249    82    -11.5 -1249
1250    112   -0.93 -1250
1251    112   -0.93 -1251
1252    112   -0.93 -1252
1253    112   -0.93 -1253
1254    112   -0.93 -1254
1255    82    -11.5 -1255
1256    112   -0.93 -1256
1257    112   -0.93 -1257
1258    112   -0.93 -1258
1259    82    -11.5 -1259
1260    82    -11.5 -1260
1261    112   -0.93 -1261
1262    82    -11.5 -1262
1263    82    -11.5 -1263
1264    82    -11.5 -1264
1265    82    -11.5 -1265
1266    112   -0.93 -1266
1267    112   -0.93 -1267
1268    112   -0.93 -1268
1269    82    -11.5 -1269
1270    112   -0.93 -1270
1271    82    -11.5 -1271
1272    112   -0.93 -1272
1273    82    -11.5 -1273
1274    112   -0.93 -1274
1275    112   -0.93 -1275
1276    82    -11.5 -1276
1277    82    -11.5 -1277
1278    112   -0.93 -1278
1279    112   -0.93 -1279
1280    112   -0.93 -1280
1281    82    -11.5 -1281
1282    112   -0.93 -1282
1283    112   -0.93 -1283
1284    82    -11.5 -1284
1285    112   -0.93 -1285
1286    112   -0.93 -1286
1287    82    -11.5 -1287
1288    112   -0.93 -1288
1289    112   -0.93 -1289
1290    82    -11.5 -1290
1291    112   -0.93 -1291
1292    82    -11.5 -1292
1293    112   -0.93 -1293
1294    112   -0.93 -1294
1295    112   -0.93 -1295
1296    112   -0.93 -1296
1297    112   -0.93 -1297
1298    112   -0.93 -1298
1299    82    -11.5 -1299
1300    112   -0.93 -1300
1301    112   -0.93 -1301
1302    82    -11.5 -1302
1303    82    -11.5 -1303
1304    112   -0.93 -1304
1305    112   -0.93 -1305
1306    112   -0.93 -1306
1307    82    -11.5 -1307
1308    112   -0.93 -1308
1309    112   -0.93 -1309
1310    82    -11.5 -1310
1311    82    -11.5 -1311
1312    112   -0.93 -1312
1313    112   -0.93 -1313
1314    82    -11.5 -1314
1315    112   -0.93 -1315
1316    82    -11.5 -1316
1317    82    -11.5 -1317
1318    112   -0.93 -1318
1319    112   -0.93 -1319
1320    112   -0.93 -1320
1321    82    -11.5 -1321
1322    112   -0.93 -1322
1323    82    -11.5 -1323
1324    82    -11.5 -1324
1325    82    -11.5 -1325
1326    82    -11.5 -1326
1327    112   -0.93 -1327
1328    82    -11.5 -1328
1329    82    -11.5 -1329
1330    82    -11.5 -1330
1331    112   -0.93 -1331
1332    112   -0.93 -1332
1333    82    -11.5 -1333
1334    82    -11.5 -1334
1335    112   -0.93 -1335
1336    82    -11.5 -1336
1337    82    -11.5 -1337
1338    82    -11.5 -1338
1339    112   -0.93 -1339
1340    112   -0.93 -1340
1341    112   -0.93 -1341
1342    82    -11.5 -1342
1343    82    -11.5 -1343
1344    112   -0.93 -1344
1345    112   -0.93 -1345
2001    82    -11.5 -2001
2002    82    -11.5 -2002
2003    82    -11.5 -2003
2004    82    -11.5 -2004
2005    112   -0.93 -2005
2006    82    -11.5 -2006
2007    112   -0.93 -2007
2008    112   -0.93 -2008
2009    112   -0.93 -2009
2010    82    -11.5 -2010
2011    82    -11.5 -2011
2012    82    -11.5 -2012
2013    112   -0.93 -2013
2014    112   -0.93 -2014
2015    112   -0.93 -2015
2016    82    -11.5 -2016
2017    112   -0.93 -2017
2018    112   -0.93 -2018
2019    112   -0.93 -2019
2020    112   -0.93 -2020
2021    82    -11.5 -2021
2022    82    -11.5 -2022
2023    112   -0.93 -2023
2024    112   -0.93 -2024
2025    82    -11.5 -2025
2026    112   -0.93 -2026
2027    112   -0.93 -2027
2028    112   -0.93 -2028
2029    82    -11.5 -2029
2030    82    -11.5 -2030
2031    112   -0.93 -2031
2032    82    -11.5 -2032
2033    112   -0.93 -2033
2034    112   -0.93 -2034
2035    82    -11.5 -2035
2036    82    -11.5 -2036
2037    112   -0.93 -2037
2038    112   -0.93 -2038
2039    112   -0.93 -2039
2040    112   -0.93 -2040
2041    82    -11.5 -2041
2042    82    -11.5 -2042
2043    82    -11.5 -2043
2044    112   -0.93 -2044
2045    112   -0.93 -2045
2046    82    -11.5 -2046
2047    112   -0.93 -2047
2048    112   -0.93 -2048
2049    112   -0.93 -2049
2050    112   -0.93 -2050
2051    82    -11.5 -2051
2052    82    -11.5 -2052
2053    112   -0.93 -2053
2054    112   -0.93 -2054
2055    82    -11.5 -2055
2056    112   -0.93 -2056
2057    112   -0.93 -2057
2058    82    -11.5 -2058
2059    112   -0.93 -2059
2060    112   -0.93 -2060
2061    112   -0.93 -2061
2062    112   -0.93 -2062
2063    112   -0.93 -2063
2064    112   -0.93 -2064
2065    112   -0.93 -2065
2066    112   -0.93 -2066
2067    82    -11.5 -2067
2068    112   -0.93 -2068
2069    82    -11.5 -2069
2070    112   -0.93 -2070
2071    112   -0.93 -2071
2072    82    -11.5 -2072
2073    112   -0.93 -2073
2074    112   -0.93 -2074
2075    82    -11.5 -2075
2076    112   -0.93 -2076
2077    112   -0.93 -2077
2078    112   -0.93 -2078
2079    112   -0.93 -2079
2080    112   -0.93 -2080
2081    82    -11.5 -2081
2082    82    -11.5 -2082
2083    82    -11.5 -2083
2084    112   -0.93 -2084
2085    82    -11.5 -2085
2086    82    -11.5 -2086
2087    82    -11.5 -2087
2088    82    -11.5 -2088
2089    82    -11.5 -2089
2090    112   -0.93 -2090
2091    112   -0.93 -2091
2092    82    -11.5 -2092
2093    82    -11.5 -2093
2094    82    -11.5 -2094
2095    82    -11.5 -2095
2096    82    -11.5 -2096
2097    112   -0.93 -2097
2098    112   -0.93 -2098
2099    112   -0.93 -2099
2100    82    -11.5 -2100
2101    112   -0.93 -2101
2102    112   -0.93 -2102
2103    112   -0.93 -2103
2104    112   -0.93 -2104
2105    112   -0.93 -2105
2106    112   -0.93 -2106
2107    112   -0.93 -2107
2108    82    -11.5 -2108
2109    112   -0.93 -2109
2110    112   -0.93 -2110
2111    112   -0.93 -2111
2112    112   -0.93 -2112
2113    82    -11.5 -2113
2114    112   -0.93 -2114
2115    112   -0.93 -2115
2116    112   -0.93 -2116
2117    112   -0.93 -2117
2118    112   -0.93 -2118
2119    82    -11.5 -2119
2120    82    -11.5 -2120
2121    82    -11.5 -2121
2122    82    -11.5 -2122
2123    82    -11.5 -2123
2124    82    -11.5 -2124
2125    82    -11.5 -2125
2126    112   -0.93 -2126
2127    82    -11.5 -2127
2128    82    -11.5 -2128
2129    112   -0.93 -2129
2130    82    -11.5 -2130
2131    112   -0.93 -2131
2132    82    -11.5 -2132
2133    82    -11.5 -2133
2134    82    -11.5 -2134
2135    82    -11.5 -2135
2136    112   -0.93 -2136
2137    112   -0.93 -2137
2138    82    -11.5 -2138
2139    82    -11.5 -2139
2140    82    -11.5 -2140
2141    82    -11.5 -2141
2142    82    -11.5 -2142
2143    112   -0.93 -2143
2144    82    -11.5 -2144
2145    112   -0.93 -2145
2146    82    -11.5 -2146
2147    82    -11.5 -2147
2148    82    -11.5 -2148
2149    82    -11.5 -2149
2150    112   -0.93 -2150
2151    82    -11.5 -2151
2152    112   -0.93 -2152
2153    82    -11.5 -2153
2154    82    -11.5 -2154
2155    112   -0.93 -2155
2156    82    -11.5 -2156
2157    82    -11.5 -2157
2158    82    -11.5 -2158
2159    82    -11.5 -2159
2160    112   -0.93 -2160
2161    112   -0.93 -2161
2162    82    -11.5 -2162
2163    112   -0.93 -2163
2164    82    -11.5 -2164
2165    82    -11.5 -2165
2166    112   -0.93 -2166
2167    82    -11.5 -2167
2168    82    -11.5 -2168
2169    112   -0.93 -2169
2170    112   -0.93 -2170
2171    82    -11.5 -2171
2172    82    -11.5 -2172
2173    112   -0.93 -2173
2174    82    -11.5 -2174
2175    82    -11.5 -2175
2176    82    -11.5 -2176
2177    82    -11.5 -2177
2178    112   -0.93 -2178
2179    112   -0.93 -2179
2180    82    -11.5 -2180
2181    112   -0.93 -2181
2182    112   -0.93 -2182
2183    112   -0.93 -2183
2184    112   -0.93 -2184
2185    82    -11.5 -2185
2186    82    -11.5 -2186
2187    82    -11.5 -2187
2188    112   -0.93 -2188
2189    112   -0.93 -2189
2190    112   -0.93 -2190
2191    82    -11.5 -2191
2192    112   -0.93 -2192
2193    82    -11.5 -2193
2194    112   -0.93 -2194
2195    82    -11.5 -2195
2196    112   -0.93 -2196
2197    82    -11.5 -2197
2198    82    -11.5 -2198
2199    82    -11.5 -2199
2200    82    -11.5 -2200
2201    112   -0.93 -2201
2202    112   -0.93 -2202
2203    112   -0.93 -2203
2204    82    -11.5 -2204
2205    82    -11.5 -2205
2206    112   -0.93 -2206
2207    82    -11.5 -2207
2208    112   -0.93 -2208
2209    82    -11.5 -2209
2210    82    -11.5 -2210
2211    112   -0.93 -2211
2212    82    -11.5 -2212
2213    82    -11.5 -2213
2214    82    -11.5 -2214
2215    112   -0.93 -2215
2216    82    -11.5 -2216
2217    82    -11.5 -2217
2218    112   -0.93 -2218
2219    112   -0.93 -2219
2220    82    -11.5 -2220
2221    112   -0.93 -2221
2222    112   -0.93 -2222
2223    82    -11.5 -2223
2224    82    -11.5 -2224
2225    82    -11.5 -2225
2226    82    -11.5 -2226
2227    112   -0.93 -2227
2228    82    -11.5 -2228
2229    112   -0.93 -2229
2230    112   -0.93 -2230
2231    82    -11.5 -2231
2232    112   -0.93 -2232
2233    112   -0.93 -2233
2234    82    -11.5 -2234
2235    112   -0.93 -2235
2236    112   -0.93 -2236
2237    82    -11.5 -2237
2238    112   -0.93 -2238
2239    82    -11.5 -2239
2240    82    -11.5 -2240
2241    82    -11.5 -2241
2242    112   -0.93 -2242
2243    82    -11.5 -2243
2244    112   -0.93 -2244
2245    112   -0.93 -2245
2246    82    -11.5 -2246
2247    82    -11.5 -2247
2248    112   -0.93 -2248
2249    82    -11.5 -2249
2250    82    -11.5 -2250
2251    82    -11.5 -2251
2252    112   -0.93 -2252
2253    82    -11.5 -2253
2254    112   -0.93 -2254
2255    112   -0.93 -2255
2256    112   -0.93 -2256
2257    82    -11.5 -2257
2258    112   -0.93 -2258
2259    82    -11.5 -2259
2260    82    -11.5 -2260
2261    112   -0.93 -2261
2262    82    -11.5 -2262
2263    82    -11.5 -2263
2264    82    -11.5 -2264
2265    112   -0.93 -2265
2266    82    -11.5 -2266
2267    112   -0.93 -2267
2268    112   -0.93 -2268
2269    112   -0.93 -2269
2270    112   -0.93 -2270
2271    82    -11.5 -2271
2272    112   -0.93 -2272
2273    112   -0.93 -2273
2274    112   -0.93 -2274
2275    82    -11.5 -2275
2276    82    -11.5 -2276
2277    112   -0.93 -2277
2278    112   -0.93 -2278
2279    82    -11.5 -2279
2280    112   -0.93 -2280
2281    112   -0.93 -2281
2282    112   -0.93 -2282
2283    112   -0.93 -2283
2284    112   -0.93 -2284
2285    112   -0.93 -2285
2286    82    -11.5 -2286
2287    82    -11.5 -2287
2288    82    -11.5 -2288
2289    112   -0.93 -2289
2290    82    -11.5 -2290
2291    112   -0.93 -2291
2292    112   -0.93 -2292
2293    112   -0.93 -2293
2294    82    -11.5 -2294
2295    82    -11.5 -2295
2296    82    -11.5 -2296
2297    112   -0.93 -2297
2298    82    -11.5 -2298
2299    112   -0.93 -2299
2300    82    -11.5 -2300
2301    112   -0.93 -2301
2302    82    -11.5 -2302
2303    112   -0.93 -2303
2304    82    -11.5 -2304
2305    82    -11.5 -2305
2306    112   -0.93 -2306
2307    112   -0.93 -2307
2308    82    -11.5 -2308
2309    112   -0.93 -2309
2310    82    -11.5 -2310
2311    112   -0.93 -2311
2312    82    -11.5 -2312
2313    112   -0.93 -2313
2314    112   -0.93 -2314
2315    112   -0.93 -2315
2316    82    -11.5 -2316
2317    82    -11.5 -2317
2318    82    -11.5 -2318
2319    112   -0.93 -2319
2320    112   -0.93 -2320
2321    82    -11.5 -2321
2322    112   -0.93 -2322
2323    82    -11.5 -2323
2324    82    -11.5 -2324
2325    112   -0.93 -2325
2326    112   -0.93 -2326
2327    112   -0.93 -2327
2328    112   -0.93 -2328
2329    112   -0.93 -2329
2330    112   -0.93 -2330
2331    82    -11.5 -2331
2332    112   -0.93 -2332
2333    112   -0.93 -2333
2334    112   -0.93 -2334
2335    112   -0.93 -2335
2336    112   -0.93 -2336
2337    112   -0.93 -2337
2338    112   -0.93 -2338
2339    112   -0.93 -2339
2340    112   -0.93 -2340
2341    112   -0.93 -2341
2342    82    -11.5 -2342
2343    82    -11.5 -2343
2344    82    -11.5 -2344
2345    82    -11.5 -2345
2346    82    -11.5 -2346
2347    112   -0.93 -2347
2348    82    -11.5 -2348
2349    82    -11.5 -2349
2350    112   -0.93 -2350
2351    112   -0.93 -2351
2352    82    -11.5 -2352
2353    82    -11.5 -2353
2354    82    -11.5 -2354
2355    82    -11.5 -2355
2356    82    -11.5 -2356
2357    82    -11.5 -2357
2358    112   -0.93 -2358
2359    82    -11.5 -2359
2360    112   -0.93 -2360
2361    112   -0.93 -2361
2362    112   -0.93 -2362
2363    82    -11.5 -2363
2364    82    -11.5 -2364
2365    112   -0.93 -2365
2366    112   -0.93 -2366
2367    112   -0.93 -2367
2368    82    -11.5 -2368
2369    112   -0.93 -2369
2370    82    -11.5 -2370
2371    112   -0.93 -2371
2372    82    -11.5 -2372
2373    112   -0.93 -2373
2374    82    -11.5 -2374
2375    112   -0.93 -2375
2376    112   -0.93 -2376
2377    82    -11.5 -2377
2378    112   -0.93 -2378
2379    112   -0.93 -2379
2380    82    -11.5 -2380
2381    82    -11.5 -2381
2382    112   -0.93 -2382
2383    112   -0.93 -2383
2384    82    -11.5 -2384
2385    112   -0.93 -2385
2386    112   -0.93 -2386
2387    82    -11.5 -2387
2388    82    -11.5 -2388
2389    112   -0.93 -2389
2390    112   -0.93 -2390
2391    112   -0.93 -2391
2392    82    -11.5 -2392
2393    82    -11.5 -2393
2394    82    -11.5 -2394
2395    112   -0.93 -2395
2396    112   -0.93 -2396
2397    112   -0.93 -2397
2398    82    -11.5 -2398
2399    82    -11.5 -2399
2400    82    -11.5 -2400
2401    112   -0.93 -2401
2402    112   -0.93 -2402
2403    112   -0.93 -2403
2404    112   -0.93 -2404
2405    82    -11.5 -2405
2406    112   -0.93 -2406
2407    82    -11.5 -2407
2408    112   -0.93 -2408
2409    112   -0.93 -2409
2410    82    -11.5 -2410
2411    82    -11.5 -2411
2412    112   -0.93 -2412
2413    112   -0.93 -2413
2414    82    -11.5 -2414
2415    112   -0.93 -2415
2416    82    -11.5 -2416
2417    82    -11.5 -2417
2418    112   -0.93 -2418
2419    112   -0.93 -2419
2420    82    -11.5 -2420
2421    112   -0.93 -2421
2422    82    -11.5 -2422
2423    82    -11.5 -2423
2424    82    -11.5 -2424
2425    112   -0.93 -2425
2426    82    -11.5 -2426
2427    112   -0.93 -2427
2428    112   -0.93 -2428
2429    112   -0.93 -2429
2430    112   -0.93 -2430
2431    112   -0.93 -2431
2432    82    -11.5 -2432
2433    82    -11.5 -2433
2434    82    -11.5 -2434
2435    82    -11.5 -2435
2436    82    -11.5 -2436
2437    82    -11.5 -2437
2438    112   -0.93 -2438
2439    82    -11.5 -2439
2440    82    -11.5 -2440
2441    112   -0.93 -2441
2442    82    -11.5 -2442
2443    82    -11.5 -2443
2444    82    -11.5 -2444
2445    82    -11.5 -2445
2446    112   -0.93 -2446
2447    82    -11.5 -2447
2448    82    -11.5 -2448
2449    112   -0.93 -2449
2450    112   -0.93 -2450
2451    112   -0.93 -2451
2452    82    -11.5 -2452
2453    82    -11.5 -2453
2454    112   -0.93 -2454
2455    82    -11.5 -2455
2456    82    -11.5 -2456
2457    82    -11.5 -2457
2458    112   -0.93 -2458
2459    82    -11.5 -2459
2460    112   -0.93 -2460
2461    112   -0.93 -2461
2462    112   -0.93 -2462
2463    82    -11.5 -2463
2464    112   -0.93 -2464
2465    82    -11.5 -2465
3001    82    -11.5 -3001
3002    82    -11.5 -3002
3003    112   -0.93 -3003
3004    112   -0.93 -3004
3005    82    -11.5 -3005
3006    82    -11.5 -3006
3007    82    -11.5 -3007
3008    112   -0.93 -3008
3009    112   -0.93 -3009
3010    112   -0.93 -3010
3011    82    -11.5 -3011
3012    82    -11.5 -3012
3013    112   -0.93 -3013
3014    82    -11.5 -3014
3015    112   -0.93 -3015
3016    112   -0.93 -3016
3017    82    -11.5 -3017
3018    82    -11.5 -3018
3019    82    -11.5 -3019
3020    112   -0.93 -3020
3021    82    -11.5 -3021
3022    82    -11.5 -3022
3023    82    -11.5 -3023
3024    82    -11.5 -3024
3025    82    -11.5 -3025
3026    112   -0.93 -3026
3027    112   -0.93 -3027
3028    82    -11.5 -3028
3029    82    -11.5 -3029
3030    112   -0.93 -3030
3031    82    -11.5 -3031
3032    112   -0.93 -3032
3033    82    -11.5 -3033
3034    112   -0.93 -3034
3035    112   -0.93 -3035
3036    82    -11.5 -3036
3037    82    -11.5 -3037
3038    82    -11.5 -3038
3039    112   -0.93 -3039
3040    112   -0.93 -3040
3041    112   -0.93 -3041
3042    82    -11.5 -3042
3043    82    -11.5 -3043
3044    112   -0.93 -3044
3045    112   -0.93 -3045
3046    112   -0.93 -3046
3047    112   -0.93 -3047
3048    112   -0.93 -3048
3049    82    -11.5 -3049
3050    82    -11.5 -3050
3051    112   -0.93 -3051
3052    82    -11.5 -3052
3053    112   -0.93 -3053
3054    112   -0.93 -3054
3055    112   -0.93 -3055
3056    112   -0.93 -3056
3057    82    -11.5 -3057
3058    82    -11.5 -3058
3059    112   -0.93 -3059
3060    82    -11.5 -3060
3061    112   -0.93 -3061
3062    82    -11.5 -3062
3063    82    -11.5 -3063
3064    112   -0.93 -3064
3065    82    -11.5 -3065
3066    82    -11.5 -3066
3067    82    -11.5 -3067
3068    82    -11.5 -3068
3069    82    -11.5 -3069
3070    82    -11.5 -3070
3071    82    -11.5 -3071
3072    112   -0.93 -3072
3073    82    -11.5 -3073
3074    112   -0.93 -3074
3075    82    -11.5 -3075
3076    112   -0.93 -3076
3077    112   -0.93 -3077
3078    82    -11.5 -3078
3079    82    -11.5 -3079
3080    112   -0.93 -3080
3081    112   -0.93 -3081
3082    112   -0.93 -3082
3083    112   -0.93 -3083
3084    112   -0.93 -3084
3085    112   -0.93 -3085
3086    82    -11.5 -3086
3087    82    -11.5 -3087
3088    112   -0.93 -3088
3089    82    -11.5 -3089
3090    112   -0.93 -3090
3091    82    -11.5 -3091
3092    112   -0.93 -3092
3093    82    -11.5 -3093
3094    82    -11.5 -3094
3095    112   -0.93 -3095
3096    112   -0.93 -3096
3097    82    -11.5 -3097
3098    82    -11.5 -3098
3099    112   -0.93 -3099
3100    82    -11.5 -3100
3101    112   -0.93 -3101
3102    112   -0.93 -3102
3103    82    -11.5 -3103
3104    82    -11.5 -3104
3105    82    -11.5 -3105
3106    82    -11.5 -3106
3107    82    -11.5 -3107
3108    82    -11.5 -3108
3109    112   -0.93 -3109
3110    112   -0.93 -3110
3111    82    -11.5 -3111
3112    82    -11.5 -3112
3113    82    -11.5 -3113
3114    82    -11.5 -3114
3115    112   -0.93 -3115
3116    82    -11.5 -3116
3117    82    -11.5 -3117
3118    112   -0.93 -3118
3119    112   -0.93 -3119
3120    82    -11.5 -3120
3121    112   -0.93 -3121
3122    82    -11.5 -3122
3123    82    -11.5 -3123
3124    82    -11.5 -3124
3125    112   -0.93 -3125
3126    112   -0.93 -3126
3127    112   -0.93 -3127
3128    112   -0.93 -3128
3129    112   -0.93 -3129
3130    112   -0.93 -3130
3131    112   -0.93 -3131
3132    112   -0.93 -3132
3133    112   -0.93 -3133
3134    82    -11.5 -3134
3135    112   -0.93 -3135
3136    112   -0.93 -3136
3137    82    -11.5 -3137
3138    82    -11.5 -3138
3139    112   -0.93 -3139
3140    112   -0.93 -3140
3141    112   -0.93 -3141
3142    112   -0.93 -3142
3143    82    -11.5 -3143
3144    82    -11.5 -3144
3145    82    -11.5 -3145
3146    82    -11.5 -3146
3147    82    -11.5 -3147
3148    112   -0.93 -3148
3149    112   -0.93 -3149
3150    112   -0.93 -3150
3151    82    -11.5 -3151
3152    82    -11.5 -3152
3153    82    -11.5 -3153
3154    82    -11.5 -3154
3155    82    -11.5 -3155
3156    112   -0.93 -3156
3157    112   -0.93 -3157
3158    82    -11.5 -3158
3159    82    -11.5 -3159
3160    82    -11.5 -3160
3161    112   -0.93 -3161
3162    82    -11.5 -3162
3163    112   -0.93 -3163
3164    82    -11.5 -3164
3165    112   -0.93 -3165
3166    112   -0.93 -3166
3167    82    -11.5 -3167
3168    82    -11.5 -3168
3169    82    -11.5 -3169
3170    112   -0.93 -3170
3171    82    -11.5 -3171
3172    82    -11.5 -3172
3173    82    -11.5 -3173
3174    112   -0.93 -3174
3175    112   -0.93 -3175
3176    112   -0.93 -3176
3177    112   -0.93 -3177
3178    82    -11.5 -3178
3179    82    -11.5 -3179
3180    112   -0.93 -3180
3181    82    -11.5 -3181
3182    112   -0.93 -3182
3183    82    -11.5 -3183
3184    82    -11.5 -3184
3185    112   -0.93 -3185
3186    82    -11.5 -3186
3187    112   -0.93 -3187
3188    112   -0.93 -3188
3189    112   -0.93 -3189
3190    112   -0.93 -3190
3191    82    -11.5 -3191
3192    112   -0.93 -3192
3193    112   -0.93 -3193
3194    112   -0.93 -3194
3195    112   -0.93 -3195
3196    112   -0.93 -3196
3197    112   -0.93 -3197
3198    112   -0.93 -3198
3199    82    -11.5 -3199
3200    82    -11.5 -3200
3201    112   -0.93 -3201
3202    112   -0.93 -3202
3203    82    -11.5 -3203
3204    112   -0.93 -3204
3205    82    -11.5 -3205
3206    112   -0.93 -3206
3207    112   -0.93 -3207
3208    82    -11.5 -3208
3209    82    -11.5 -3209
3210    82    -11.5 -3210
3211    82    -11.5 -3211
3212    82    -11.5 -3212
3213    82    -11.5 -3213
3214    82    -11.5 -3214
3215    112   -0.93 -3215
3216    82    -11.5 -3216
3217    112   -0.93 -3217
3218    82    -11.5 -3218
3219    82    -11.5 -3219
3220    112   -0.93 -3220
3221    112   -0.93 -3221
3222    82    -11.5 -3222
3223    82    -11.5 -3223
3224    112   -0.93 -3224
3225    112   -0.93 -3225
3226    112   -0.93 -3226
3227    112   -0.93 -3227
3228    112   -0.93 -3228
3229    82    -11.5 -3229
3230    112   -0.93 -3230
3231    82    -11.5 -3231
3232    82    -11.5 -3232
3233    82    -11.5 -3233
3234    82    -11.5 -3234
3235    112   -0.93 -3235
3236    82    -11.5 -3236
3237    82    -11.5 -3237
3238    82    -11.5 -3238
3239    112   -0.93 -3239
3240    112   -0.93 -3240
3241    112   -0.93 -3241
3242    112   -0.93 -3242
3243    112   -0.93 -3243
3244    112   -0.93 -3244
3245    82    -11.5 -3245
3246    82    -11.5 -3246
3247    82    -11.5 -3247
3248    112   -0.93 -3248
3249    82    -11.5 -3249
3250    82    -11.5 -3250
3251    112   -0.93 -3251
3252    112   -0.93 -3252
3253    112   -0.93 -3253
3254    112   -0.93 -3254
3255    82    -11.5 -3255
3256    112   -0.93 -3256
3257    82    -11.5 -3257
3258    112   -0.93 -3258
3259    82    -11.5 -3259
3260    82    -11.5 -3260
3261    82    -11.5 -3261
3262    82    -11.5 -3262
3263    82    -11.5 -3263
3264    112   -0.93 -3264
3265    112   -0.93 -3265
3266    112   -0.93 -3266
3267    112   -0.93 -3267
3268    112   -0.93 -3268
3269    112   -0.93 -3269
3270    112   -0.93 -3270
3271    112   -0.93 -3271
3272    82    -11.5 -3272
3273    82    -11.5 -3273
3274    82    -11.5 -3274
3275    112   -0.93 -3275
3276    112   -0.93 -3276
3277    82    -11.5 -3277
3278    82    -11.5 -3278
3279    82    -11.5 -3279
3280    112   -0.93 -3280
3281    82    -11.5 -3281
3282    82    -11.5 -3282
3283    112   -0.93 -3283
3284    112   -0.93 -3284
3285    82    -11.5 -3285
3286    112   -0.93 -3286
3287    112   -0.93 -3287
3288    112   -0.93 -3288
3289    82    -11.5 -3289
3290    82    -11.5 -3290
3291    82    -11.5 -3291
3292    82    -11.5 -3292
3293    82    -11.5 -3293
3294    82    -11.5 -3294
3295    82    -11.5 -3295
3296    82    -11.5 -3296
3297    112   -0.93 -3297
3298    112   -0.93 -3298
3299    112   -0.93 -3299
3300    112   -0.93 -3300
3301    112   -0.93 -3301
3302    112   -0.93 -3302
3303    112   -0.93 -3303
3304    112   -0.93 -3304
3305    82    -11.5 -3305
3306    112   -0.93 -3306
3307    112   -0.93 -3307
3308    82    -11.5 -3308
3309    112   -0.93 -3309
3310    82    -11.5 -3310
3311    82    -11.5 -3311
3312    82    -11.5 -3312
3313    112   -0.93 -3313
3314    82    -11.5 -3314
3315    112   -0.93 -3315
3316    112   -0.93 -3316
3317    82    -11.5 -3317
3318    112   -0.93 -3318
3319    112   -0.93 -3319
3320    112   -0.93 -3320
3321    112   -0.93 -3321
3322    112   -0.93 -3322
3323    112   -0.93 -3323
3324    112   -0.93 -3324
3325    112   -0.93 -3325
3326    112   -0.93 -3326
3327    112   -0.93 -3327
3328    82    -11.5 -3328
3329    82    -11.5 -3329
3330    112   -0.93 -3330
3331    82    -11.5 -3331
3332    82    -11.5 -3332
3333    112   -0.93 -3333
3334    112   -0.93 -3334
3335    82    -11.5 -3335
3336    82    -11.5 -3336
3337    82    -11.5 -3337
3338    82    -11.5 -3338
3339    82    -11.5 -3339
3340    82    -11.5 -3340
3341    112   -0.93 -3341
3342    112   -0.93 -3342
3343    112   -0.93 -3343
3344    112   -0.93 -3344
3345    82    -11.5 -3345
3346    112   -0.93 -3346
3347    112   -0.93 -3347
3348    112   -0.93 -3348
3349    112   -0.93 -3349
3350    112   -0.93 -3350
3351    112   -0.93 -3351
3352    112   -0.93 -3352
3353    112   -0.93 -3353
3354    82    -11.5 -3354
3355    112   -0.93 -3355
3356    112   -0.93 -3356
3357    112   -0.93 -3357
3358    112   -0.93 -3358
3359    112   -0.93 -3359
3360    112   -0.93 -3360
3361    82    -11.5 -3361
3362    112   -0.93 -3362
3363    82    -11.5 -3363
3364    112   -0.93 -3364
3365    112   -0.93 -3365
3366    82    -11.5 -3366
3367    112   -0.93 -3367
3368    112   -0.93 -3368
3369    112   -0.93 -3369
3370    112   -0.93 -3370
3371    112   -0.93 -3371
3372    112   -0.93 -3372
3373    112   -0.93 -3373
3374    112   -0.93 -3374
3375    112   -0.93 -3375
3376    112   -0.93 -3376
3377    112   -0.93 -3377
3378    82    -11.5 -3378
3379    82    -11.5 -3379
3380    112   -0.93 -3380
3381    82    -11.5 -3381
3382    82    -11.5 -3382
3383    112   -0.93 -3383
3384    82    -11.5 -3384
3385    112   -0.93 -3385
3386    82    -11.5 -3386
3387    112   -0.93 -3387
3388    112   -0.93 -3388
3389    112   -0.93 -3389
3390    82    -11.5 -3390
3391    112   -0.93 -3391
3392    82    -11.5 -3392
3393    112   -0.93 -3393
3394    82    -11.5 -3394
3395    82    -11.5 -3395
3396    112   -0.93 -3396
3397    112   -0.93 -3397
3398    112   -0.93 -3398
3399    82    -11.5 -3399
3400    112   -0.93 -3400
3401    82    -11.5 -3401
3402    112   -0.93 -3402
3403    82    -11.5 -3403
3404    112   -0.93 -3404
3405    82    -11.5 -3405
3406    82    -11.5 -3406
3407    112   -0.93 -3407
3408    112   -0.93 -3408
3409    112   -0.93 -3409
3410    112   -0.93 -3410
3411    82    -11.5 -3411
3412    82    -11.5 -3412
3413    112   -0.93 -3413
3414    82    -11.5 -3414
3415    112   -0.93 -3415
3416    82    -11.5 -3416
3417    82    -11.5 -3417
3418    82    -11.5 -3418
3419    112   -0.93 -3419
3420    82    -11.5 -3420
3421    112   -0.93 -3421
3422    112   -0.93 -3422
3423    112   -0.93 -3423
3424    112   -0.93 -3424
3425    82    -11.5 -3425
3426    82    -11.5 -3426
3427    112   -0.93 -3427
3428    82    -11.5 -3428
3429    82    -11.5 -3429
3430    112   -0.93 -3430
3431    112   -0.93 -3431
3432    82    -11.5 -3432
3433    112   -0.93 -3433
3434    82    -11.5 -3434
3435    82    -11.5 -3435
3436    112   -0.93 -3436
3437    112   -0.93 -3437
3438    112   -0.93 -3438
3439    82    -11.5 -3439
3440    82    -11.5 -3440
3441    82    -11.5 -3441
3442    112   -0.93 -3442
3443    82    -11.5 -3443
3444    112   -0.93 -3444
3445    112   -0.93 -3445
3446    82    -11.5 -3446
3447    82    -11.5 -3447
3448    112   -0.93 -3448
3449    82    -11.5 -3449
3450    82    -11.5 -3450
3451    112   -0.93 -3451
3452    82    -11.5 -3452
3453    82    -11.5 -3453
3454    112   -0.93 -3454
3455    112   -0.93 -3455
3456    112   -0.93 -3456
3457    82    -11.5 -3457
3458    112   -0.93 -3458
3459    82    -11.5 -3459
3460    112   -0.93 -3460
3461    112   -0.93 -3461
3462    112   -0.93 -3462
3463    82    -11.5 -3463
3464    82    -11.5 -3464
3465    82    -11.5 -3465
3466    82    -11.5 -3466
3467    112   -0.93 -3467
3468    112   -0.93 -3468
3469    112   -0.93 -3469
3470    82    -11.5 -3470
3471    112   -0.93 -3471
3472    82    -11.5 -3472
3473    112   -0.93 -3473
3474    82    -11.5 -3474
3475    82    -11.5 -3475
3476    112   -0.93 -3476
3477    112   -0.93 -3477
3478    112   -0.93 -3478
3479    82    -11.5 -3479
3480    82    -11.5 -3480
3481    82    -11.5 -3481
3482    82    -11.5 -3482
3483    112   -0.93 -3483
3484    112   -0.93 -3484
3485    82    -11.5 -3485
3486    82    -11.5 -3486
3487    112   -0.93 -3487
3488    82    -11.5 -3488
3489    82    -11.5 -3489
3490    112   -0.93 -3490
3491    82    -11.5 -3491
3492    82    -11.5 -3492
3493    82    -11.5 -3493
3494    82    -11.5 -3494
3495    112   -0.93 -3495
3496    112   -0.93 -3496
3497    82    -11.5 -3497
3498    82    -11.5 -3498
3499    112   -0.93 -3499
3500    82    -11.5 -3500
3501    112   -0.93 -3501
3502    112   -0.93 -3502
3503    82    -11.5 -3503
3504    82    -11.5 -3504
3505    82    -11.5 -3505
3506    112   -0.93 -3506
3507    82    -11.5 -3507
3508    82    -11.5 -3508
3509    82    -11.5 -3509
3510    82    -11.5 -3510
3511    112   -0.93 -3511
3512    82    -11.5 -3512
3513    82    -11.5 -3513
3514    82    -11.5 -3514
3515    112   -0.93 -3515
3516    112   -0.93 -3516
3517    112   -0.93 -3517
3518    112   -0.93 -3518
3519    112   -0.93 -3519
3520    82    -11.5 -3520
3521    82    -11.5 -3521
3522    112   -0.93 -3522
3523    82    -11.5 -3523
3524    82    -11.5 -3524
3525    82    -11.5 -3525
3526    112   -0.93 -3526
3527    112   -0.93 -3527
3528    82    -11.5 -3528
3529    112   -0.93 -3529
3530    82    -11.5 -3530
3531    82    -11.5 -3531
3532    82    -11.5 -3532
3533    112   -0.93 -3533
3534    82    -11.5 -3534
3535    112   -0.93 -3535
3536    112   -0.93 -3536
3537    112   -0.93 -3537
3538    82    -11.5 -3538
3539    112   -0.93 -3539
3540    112   -0.93 -3540
3541    82    -11.5 -3541
3542    82    -11.5 -3542
3543    112   -0.93 -3543
3544    82    -11.5 -3544
3545    82    -11.5 -3545
3546    112   -0.93 -3546
3547    82    -11.5 -3547
3548    82    -11.5 -3548
3549    112   -0.93 -3549
3550    82    -11.5 -3550
3551    82    -11.5 -3551
3552    112   -0.93 -3552
3553    112   -0.93 -3553
3554    82    -11.5 -3554
3555    82    -11.5 -3555
3556    82    -11.5 -3556
3557    112   -0.93 -3557
3558    112   -0.93 -3558
3559    82    -11.5 -3559
3560    112   -0.93 -3560
3561    112   -0.93 -3561
3562    82    -11.5 -3562
3563    82    -11.5 -3563
3564    112   -0.93 -3564
3565    82    -11.5 -3565
3566    82    -11.5 -3566
3567    82    -11.5 -3567
3568    82    -11.5 -3568
3569    82    -11.5 -3569
3570    82    -11.5 -3570
