message: runtpe=DDRS3_rand2.runtpe
         outp=DDRS3_rand2.outp
         meshtal=DDRS3_rand2.meshtal

c
c Title: MCNP input file for NDTGamma project
c Authors: Ivan Novikov (ivan.novikov@wku.edu), Devon Loomis
c Description:
c  The very first model for DDRS experiment
c
c
c
c =============== CELL CARDS ===============
c
c 5555   0      -5555
4444   0      -4444
6666   0      6666
7777   5355   -3.31 -7777        $detector filled with CLYC
8888   6466   -2.7  -8888
8001   0      7777 8888 -8001
              1 2 3 4 5 6 7 8 9 10
              11 12 13 14 15 16 17 18 19 20
              21 22 23 24 25 26 27 28 29 30
              31 32 33 34 35 36 37 38 39 40
              41 42 43 44 45 46 47 48 49 50
              51 52 53 54 55 56 57 58 59 60
8002   0      8001 -8002
              1001 1002 1003 1004 1005 1006 1007 1008 1009 1010
              1011 1012 1013 1014 1015 1016 1017 1018 1019 1020
              1021 1022 1023 1024 1025 1026 1027 1028 1029 1030
              1031 1032 1033 1034 1035 1036 1037 1038 1039 1040
              1041 1042 1043 1044 1045 1046 1047 1048 1049 1050
              1051 1052 1053 1054 1055 1056 1057 1058 1059 1060
              1061 1062 1063 1064 1065 1066 1067 1068 1069 1070
              1071 1072 1073 1074 1075 1076 1077 1078 1079 1080
              1081 1082 1083 1084 1085 1086 1087 1088 1089 1090
              1091 1092 1093 1094 1095 1096
8003   0      8002 -8003
              2001 2002 2003 2004 2005 2006 2007 2008 2009 2010
              2011 2012 2013 2014 2015 2016 2017 2018 2019 2020
              2021 2022 2023 2024 2025 2026 2027 2028 2029 2030
              2031 2032 2033 2034 2035 2036 2037 2038 2039 2040
              2041 2042 2043 2044 2045 2046 2047 2048 2049 2050
              2051 2052 2053 2054 2055 2056 2057 2058 2059 2060
              2061 2062 2063 2064 2065 2066 2067 2068 2069 2070
              2071 2072 2073 2074 2075 2076 2077 2078 2079 2080
              2081 2082 2083 2084 2085 2086 2087 2088 2089 2090
              2091 2092 2093 2094 2095 2096 2097 2098 2099 2100
              2101 2102 2103 2104 2105 2106 2107 2108 2109 2110
              2111 2112 2113 2114 2115 2116 2117 2118 2119 2120
              2121 2122 2123 2124 2125 2126 2127 2128 2129 2130
              2131 2132 2133 2134 2135 2136 2137 2138 2139 2140
              2141 2142 2143 2144
8004   0      8003 -8004
              3002 3003 3004 3005 3006 3007 3008 3009 3010
              3011 3012 3013 3014 3015 3016 3017 3018 3019 3020
              3021 3022 3023 3024 3025 3026 3027 3028 3029 3030
              3031 3032 3033 3034 3035 3036 3037 3038 3039 3040
              3041 3042 3043 3044 3045 3046 3047 3048 3049 3050
              3051 3052 3053 3054 3055 3056 
8005   0      8004 -8005
              3057 3058 3059 3060
              3061 3062 3063 3064 3065 3066 3067 3068 3069 3070
              3071 3072 3073 3074 3075 3076 3077 3078 3079 3080 3081 3082
              3083 3084 3085 3086 3087 3088 3089 3090 3091
              3092 3093 3094 3095 3096 3097 3098 3099 3100 3101
              3102 3103 3104 3105 3106 3107 3108 3109 3110 3111 
8006   0      8005 -8006
              3112 3113 3114 3115 3116 3117 3118 3119 3120 3121
              3122 3123 3124 3125 3126 3127 3128 3129 3130 3131
              3132 3133 3134 3135 3136 3137 3138 3139 3140 3141
              3142 3143 3144 3145 3146 3147 3148 3149 3150 3151 3152 
              3153 3154 3155 3156 3157 3158 3159 3160 3161
              3162 3163 3164 3165 3166
9999   0       -6666 8006 4444 $ 5555
c 9999   0       -6666 8003 $ 4444 5555
c SHELLS
1    82    -11.5 -1
2    112   -1.07 -2
3    82    -11.5 -3
4    112   -1.07 -4
5    82    -11.5 -5
6    82    -11.5 -6
7    112   -1.07 -7
8    82    -11.5 -8
9    112   -1.07 -9
10    112   -1.07 -10
11    112   -1.07 -11
12    82    -11.5 -12
13    82    -11.5 -13
14    82    -11.5 -14
15    82    -11.5 -15
16    112   -1.07 -16
17    112   -1.07 -17
18    112   -1.07 -18
19    82    -11.5 -19
20    112   -1.07 -20
21    112   -1.07 -21
22    112   -1.07 -22
23    112   -1.07 -23
24    112   -1.07 -24
25    82    -11.5 -25
26    112   -1.07 -26
27    82    -11.5 -27
28    82    -11.5 -28
29    82    -11.5 -29
30    112   -1.07 -30
31    82    -11.5 -31
32    82    -11.5 -32
33    112   -1.07 -33
34    112   -1.07 -34
35    112   -1.07 -35
36    82    -11.5 -36
37    112   -1.07 -37
38    112   -1.07 -38
39    112   -1.07 -39
40    82    -11.5 -40
41    112   -1.07 -41
42    112   -1.07 -42
43    112   -1.07 -43
44    112   -1.07 -44
45    112   -1.07 -45
46    112   -1.07 -46
47    82    -11.5 -47
48    112   -1.07 -48
49    112   -1.07 -49
50    82    -11.5 -50
51    112   -1.07 -51
52    82    -11.5 -52
53    82    -11.5 -53
54    82    -11.5 -54
55    112   -1.07 -55
56    112   -1.07 -56
57    82    -11.5 -57
58    82    -11.5 -58
59    112   -1.07 -59
60    112   -1.07 -60
1001    112   -1.07 -1001
1002    112   -1.07 -1002
1003    82    -11.5 -1003
1004    112   -1.07 -1004
1005    82    -11.5 -1005
1006    112   -1.07 -1006
1007    82    -11.5 -1007
1008    112   -1.07 -1008
1009    82    -11.5 -1009
1010    82    -11.5 -1010
1011    112   -1.07 -1011
1012    82    -11.5 -1012
1013    82    -11.5 -1013
1014    112   -1.07 -1014
1015    82    -11.5 -1015
1016    82    -11.5 -1016
1017    82    -11.5 -1017
1018    112   -1.07 -1018
1019    112   -1.07 -1019
1020    112   -1.07 -1020
1021    82    -11.5 -1021
1022    112   -1.07 -1022
1023    82    -11.5 -1023
1024    82    -11.5 -1024
1025    82    -11.5 -1025
1026    112   -1.07 -1026
1027    112   -1.07 -1027
1028    82    -11.5 -1028
1029    112   -1.07 -1029
1030    112   -1.07 -1030
1031    82    -11.5 -1031
1032    82    -11.5 -1032
1033    82    -11.5 -1033
1034    112   -1.07 -1034
1035    112   -1.07 -1035
1036    82    -11.5 -1036
1037    82    -11.5 -1037
1038    82    -11.5 -1038
1039    82    -11.5 -1039
1040    82    -11.5 -1040
1041    82    -11.5 -1041
1042    112   -1.07 -1042
1043    82    -11.5 -1043
1044    112   -1.07 -1044
1045    112   -1.07 -1045
1046    112   -1.07 -1046
1047    112   -1.07 -1047
1048    82    -11.5 -1048
1049    82    -11.5 -1049
1050    112   -1.07 -1050
1051    82    -11.5 -1051
1052    112   -1.07 -1052
1053    112   -1.07 -1053
1054    82    -11.5 -1054
1055    82    -11.5 -1055
1056    82    -11.5 -1056
1057    112   -1.07 -1057
1058    82    -11.5 -1058
1059    82    -11.5 -1059
1060    112   -1.07 -1060
1061    112   -1.07 -1061
1062    112   -1.07 -1062
1063    112   -1.07 -1063
1064    112   -1.07 -1064
1065    82    -11.5 -1065
1066    82    -11.5 -1066
1067    112   -1.07 -1067
1068    82    -11.5 -1068
1069    112   -1.07 -1069
1070    82    -11.5 -1070
1071    82    -11.5 -1071
1072    112   -1.07 -1072
1073    82    -11.5 -1073
1074    112   -1.07 -1074
1075    82    -11.5 -1075
1076    112   -1.07 -1076
1077    112   -1.07 -1077
1078    112   -1.07 -1078
1079    112   -1.07 -1079
1080    112   -1.07 -1080
1081    112   -1.07 -1081
1082    82    -11.5 -1082
1083    112   -1.07 -1083
1084    112   -1.07 -1084
1085    82    -11.5 -1085
1086    82    -11.5 -1086
1087    82    -11.5 -1087
1088    82    -11.5 -1088
1089    82    -11.5 -1089
1090    112   -1.07 -1090
1091    82    -11.5 -1091
1092    82    -11.5 -1092
1093    82    -11.5 -1093
1094    82    -11.5 -1094
1095    82    -11.5 -1095
1096    112   -1.07 -1096
2001    82    -11.5 -2001
2002    112   -1.07 -2002
2003    112   -1.07 -2003
2004    82    -11.5 -2004
2005    112   -1.07 -2005
2006    82    -11.5 -2006
2007    82    -11.5 -2007
2008    82    -11.5 -2008
2009    82    -11.5 -2009
2010    82    -11.5 -2010
2011    112   -1.07 -2011
2012    112   -1.07 -2012
2013    112   -1.07 -2013
2014    82    -11.5 -2014
2015    112   -1.07 -2015
2016    82    -11.5 -2016
2017    112   -1.07 -2017
2018    112   -1.07 -2018
2019    112   -1.07 -2019
2020    112   -1.07 -2020
2021    82    -11.5 -2021
2022    82    -11.5 -2022
2023    112   -1.07 -2023
2024    82    -11.5 -2024
2025    82    -11.5 -2025
2026    112   -1.07 -2026
2027    82    -11.5 -2027
2028    82    -11.5 -2028
2029    82    -11.5 -2029
2030    112   -1.07 -2030
2031    112   -1.07 -2031
2032    112   -1.07 -2032
2033    82    -11.5 -2033
2034    82    -11.5 -2034
2035    82    -11.5 -2035
2036    82    -11.5 -2036
2037    82    -11.5 -2037
2038    112   -1.07 -2038
2039    82    -11.5 -2039
2040    82    -11.5 -2040
2041    112   -1.07 -2041
2042    112   -1.07 -2042
2043    82    -11.5 -2043
2044    82    -11.5 -2044
2045    82    -11.5 -2045
2046    112   -1.07 -2046
2047    82    -11.5 -2047
2048    82    -11.5 -2048
2049    112   -1.07 -2049
2050    112   -1.07 -2050
2051    112   -1.07 -2051
2052    112   -1.07 -2052
2053    112   -1.07 -2053
2054    112   -1.07 -2054
2055    112   -1.07 -2055
2056    112   -1.07 -2056
2057    82    -11.5 -2057
2058    82    -11.5 -2058
2059    82    -11.5 -2059
2060    112   -1.07 -2060
2061    82    -11.5 -2061
2062    112   -1.07 -2062
2063    82    -11.5 -2063
2064    82    -11.5 -2064
2065    112   -1.07 -2065
2066    82    -11.5 -2066
2067    112   -1.07 -2067
2068    82    -11.5 -2068
2069    112   -1.07 -2069
2070    112   -1.07 -2070
2071    82    -11.5 -2071
2072    82    -11.5 -2072
2073    82    -11.5 -2073
2074    82    -11.5 -2074
2075    82    -11.5 -2075
2076    82    -11.5 -2076
2077    82    -11.5 -2077
2078    112   -1.07 -2078
2079    82    -11.5 -2079
2080    112   -1.07 -2080
2081    82    -11.5 -2081
2082    112   -1.07 -2082
2083    82    -11.5 -2083
2084    112   -1.07 -2084
2085    112   -1.07 -2085
2086    82    -11.5 -2086
2087    82    -11.5 -2087
2088    112   -1.07 -2088
2089    112   -1.07 -2089
2090    112   -1.07 -2090
2091    112   -1.07 -2091
2092    82    -11.5 -2092
2093    112   -1.07 -2093
2094    112   -1.07 -2094
2095    112   -1.07 -2095
2096    82    -11.5 -2096
2097    112   -1.07 -2097
2098    82    -11.5 -2098
2099    112   -1.07 -2099
2100    112   -1.07 -2100
2101    112   -1.07 -2101
2102    112   -1.07 -2102
2103    112   -1.07 -2103
2104    112   -1.07 -2104
2105    112   -1.07 -2105
2106    112   -1.07 -2106
2107    82    -11.5 -2107
2108    112   -1.07 -2108
2109    112   -1.07 -2109
2110    82    -11.5 -2110
2111    112   -1.07 -2111
2112    82    -11.5 -2112
2113    82    -11.5 -2113
2114    82    -11.5 -2114
2115    82    -11.5 -2115
2116    82    -11.5 -2116
2117    82    -11.5 -2117
2118    82    -11.5 -2118
2119    112   -1.07 -2119
2120    112   -1.07 -2120
2121    82    -11.5 -2121
2122    112   -1.07 -2122
2123    112   -1.07 -2123
2124    112   -1.07 -2124
2125    112   -1.07 -2125
2126    82    -11.5 -2126
2127    112   -1.07 -2127
2128    112   -1.07 -2128
2129    82    -11.5 -2129
2130    112   -1.07 -2130
2131    82    -11.5 -2131
2132    112   -1.07 -2132
2133    82    -11.5 -2133
2134    112   -1.07 -2134
2135    82    -11.5 -2135
2136    112   -1.07 -2136
2137    82    -11.5 -2137
2138    112   -1.07 -2138
2139    82    -11.5 -2139
2140    82    -11.5 -2140
2141    82    -11.5 -2141
2142    112   -1.07 -2142
2143    82    -11.5 -2143
2144    82    -11.5 -2144
3002    112   -1.07 -3002
3003    82    -11.5 -3003
3004    112   -1.07 -3004
3005    82    -11.5 -3005
3006    112   -1.07 -3006
3007    112   -1.07 -3007
3008    82    -11.5 -3008
3009    82    -11.5 -3009
3010    112   -1.07 -3010
3011    112   -1.07 -3011
3012    112   -1.07 -3012
3013    82    -11.5 -3013
3014    112   -1.07 -3014
3015    82    -11.5 -3015
3016    82    -11.5 -3016
3017    82    -11.5 -3017
3018    82    -11.5 -3018
3019    82    -11.5 -3019
3020    82    -11.5 -3020
3021    112   -1.07 -3021
3022    112   -1.07 -3022
3023    82    -11.5 -3023
3024    112   -1.07 -3024
3025    82    -11.5 -3025
3026    112   -1.07 -3026
3027    112   -1.07 -3027
3028    112   -1.07 -3028
3029    82    -11.5 -3029
3030    112   -1.07 -3030
3031    82    -11.5 -3031
3032    112   -1.07 -3032
3033    112   -1.07 -3033
3034    112   -1.07 -3034
3035    82    -11.5 -3035
3036    82    -11.5 -3036
3037    82    -11.5 -3037
3038    112   -1.07 -3038
3039    82    -11.5 -3039
3040    82    -11.5 -3040
3041    112   -1.07 -3041
3042    112   -1.07 -3042
3043    112   -1.07 -3043
3044    82    -11.5 -3044
3045    112   -1.07 -3045
3046    112   -1.07 -3046
3047    112   -1.07 -3047
3048    112   -1.07 -3048
3049    82    -11.5 -3049
3050    112   -1.07 -3050
3051    112   -1.07 -3051
3052    82    -11.5 -3052
3053    112   -1.07 -3053
3054    112   -1.07 -3054
3055    112   -1.07 -3055
3056    112   -1.07 -3056
3057    82    -11.5 -3057
3058    112   -1.07 -3058
3059    112   -1.07 -3059
3060    112   -1.07 -3060
3061    82    -11.5 -3061
3062    112   -1.07 -3062
3063    82    -11.5 -3063
3064    112   -1.07 -3064
3065    112   -1.07 -3065
3066    82    -11.5 -3066
3067    82    -11.5 -3067
3068    112   -1.07 -3068
3069    112   -1.07 -3069
3070    112   -1.07 -3070
3071    112   -1.07 -3071
3072    82    -11.5 -3072
3073    82    -11.5 -3073
3074    82    -11.5 -3074
3075    112   -1.07 -3075
3076    112   -1.07 -3076
3077    82    -11.5 -3077
3078    112   -1.07 -3078
3079    112   -1.07 -3079
3080    112   -1.07 -3080
3081    82    -11.5 -3081
3082    82    -11.5 -3082
3083    82    -11.5 -3083
3084    112   -1.07 -3084
3085    82    -11.5 -3085
3086    112   -1.07 -3086
3087    82    -11.5 -3087
3088    82    -11.5 -3088
3089    112   -1.07 -3089
3090    82    -11.5 -3090
3091    112   -1.07 -3091
3092    112   -1.07 -3092
3093    82    -11.5 -3093
3094    82    -11.5 -3094
3095    82    -11.5 -3095
3096    82    -11.5 -3096
3097    112   -1.07 -3097
3098    82    -11.5 -3098
3099    112   -1.07 -3099
3100    82    -11.5 -3100
3101    82    -11.5 -3101
3102    112   -1.07 -3102
3103    82    -11.5 -3103
3104    82    -11.5 -3104
3105    112   -1.07 -3105
3106    112   -1.07 -3106
3107    82    -11.5 -3107
3108    112   -1.07 -3108
3109    82    -11.5 -3109
3110    112   -1.07 -3110
3111    82    -11.5 -3111
3112    82    -11.5 -3112
3113    112   -1.07 -3113
3114    112   -1.07 -3114
3115    112   -1.07 -3115
3116    82    -11.5 -3116
3117    112   -1.07 -3117
3118    112   -1.07 -3118
3119    82    -11.5 -3119
3120    82    -11.5 -3120
3121    112   -1.07 -3121
3122    82    -11.5 -3122
3123    82    -11.5 -3123
3124    82    -11.5 -3124
3125    82    -11.5 -3125
3126    82    -11.5 -3126
3127    82    -11.5 -3127
3128    82    -11.5 -3128
3129    82    -11.5 -3129
3130    112   -1.07 -3130
3131    82    -11.5 -3131
3132    82    -11.5 -3132
3133    112   -1.07 -3133
3134    82    -11.5 -3134
3135    82    -11.5 -3135
3136    112   -1.07 -3136
3137    112   -1.07 -3137
3138    112   -1.07 -3138
3139    112   -1.07 -3139
3140    82    -11.5 -3140
3141    82    -11.5 -3141
3142    82    -11.5 -3142
3143    112   -1.07 -3143
3144    112   -1.07 -3144
3145    82    -11.5 -3145
3146    82    -11.5 -3146
3147    82    -11.5 -3147
3148    82    -11.5 -3148
3149    112   -1.07 -3149
3150    82    -11.5 -3150
3151    82    -11.5 -3151
3152    82    -11.5 -3152
3153    112   -1.07 -3153
3154    82    -11.5 -3154
3155    82    -11.5 -3155
3156    82    -11.5 -3156
3157    112   -1.07 -3157
3158    82    -11.5 -3158
3159    112   -1.07 -3159
3160    112   -1.07 -3160
3161    112   -1.07 -3161
3162    112   -1.07 -3162
3163    112   -1.07 -3163
3164    82    -11.5 -3164
3165    112   -1.07 -3165
3166    112   -1.07 -3166

c =============== SURFACE CARDS ===============
c
c 5555    rcc   0 0 15.5    0 0 1.0  4.0   $Abosrber at Top of Mask
4444    rcc   0 0 -7.5    0 0 1.0  9.229   $Abosrber at Bottom of Mask
6666    s     0 0 0       200             $Universe
7777    rcc   0 0 0.0   0 0 2.5 1.25    $Detector
8888    rcc   0 0 -6.0   0 0 6.0 1.0    $PMT,HV Base
8001    rcc   0 0 -6.0   0 0 12   4.35    $Outside of SHELL 1
8002    rcc   0 0 -6.1   0 0 12.1 6.7    $Outside of SHELL 2
8003    rcc   0 0 -6.2   0 0 12.2 9.1  $Outside of SHELL 3
8004    rcc   0 0 -6.3   0 0 14.3 9.228   $top layer 1
8005    rcc   0 0 -6.4   0 0 16.4 9.23   $top layer 2
8006    rcc   0 0 -6.5   0 0 18.5 9.25   $top layer 3
c ** SHELL SURFACE
1 rcc 3.3 0.0 -6 0 0 2  1.0
2 rcc 2.67 1.94 -6 0 0 2  1.0
3 rcc 1.02 3.14 -6 0 0 2  1.0
4 rcc -1.02 3.14 -6 0 0 2  1.0
5 rcc -2.67 1.94 -6 0 0 2  1.0
6 rcc -3.3 0.0 -6 0 0 2  1.0
7 rcc -2.67 -1.94 -6 0 0 2  1.0
8 rcc -1.02 -3.14 -6 0 0 2  1.0
9 rcc 1.02 -3.14 -6 0 0 2  1.0
10 rcc 2.67 -1.94 -6 0 0 2  1.0
11 rcc 3.3 0.0 -4 0 0 2  1.0
12 rcc 2.67 1.94 -4 0 0 2  1.0
13 rcc 1.02 3.14 -4 0 0 2  1.0
14 rcc -1.02 3.14 -4 0 0 2  1.0
15 rcc -2.67 1.94 -4 0 0 2  1.0
16 rcc -3.3 0.0 -4 0 0 2  1.0
17 rcc -2.67 -1.94 -4 0 0 2  1.0
18 rcc -1.02 -3.14 -4 0 0 2  1.0
19 rcc 1.02 -3.14 -4 0 0 2  1.0
20 rcc 2.67 -1.94 -4 0 0 2  1.0
21 rcc 3.3 0.0 -2 0 0 2  1.0
22 rcc 2.67 1.94 -2 0 0 2  1.0
23 rcc 1.02 3.14 -2 0 0 2  1.0
24 rcc -1.02 3.14 -2 0 0 2  1.0
25 rcc -2.67 1.94 -2 0 0 2  1.0
26 rcc -3.3 0.0 -2 0 0 2  1.0
27 rcc -2.67 -1.94 -2 0 0 2  1.0
28 rcc -1.02 -3.14 -2 0 0 2  1.0
29 rcc 1.02 -3.14 -2 0 0 2  1.0
30 rcc 2.67 -1.94 -2 0 0 2  1.0
31 rcc 3.3 0.0 0 0 0 2  1.0
32 rcc 2.67 1.94 0 0 0 2  1.0
33 rcc 1.02 3.14 0 0 0 2  1.0
34 rcc -1.02 3.14 0 0 0 2  1.0
35 rcc -2.67 1.94 0 0 0 2  1.0
36 rcc -3.3 0.0 0 0 0 2  1.0
37 rcc -2.67 -1.94 0 0 0 2  1.0
38 rcc -1.02 -3.14 0 0 0 2  1.0
39 rcc 1.02 -3.14 0 0 0 2  1.0
40 rcc 2.67 -1.94 0 0 0 2  1.0
41 rcc 3.3 0.0 2 0 0 2  1.0
42 rcc 2.67 1.94 2 0 0 2  1.0
43 rcc 1.02 3.14 2 0 0 2  1.0
44 rcc -1.02 3.14 2 0 0 2  1.0
45 rcc -2.67 1.94 2 0 0 2  1.0
46 rcc -3.3 0.0 2 0 0 2  1.0
47 rcc -2.67 -1.94 2 0 0 2  1.0
48 rcc -1.02 -3.14 2 0 0 2  1.0
49 rcc 1.02 -3.14 2 0 0 2  1.0
50 rcc 2.67 -1.94 2 0 0 2  1.0
51 rcc 3.3 0.0 4 0 0 2  1.0
52 rcc 2.67 1.94 4 0 0 2  1.0
53 rcc 1.02 3.14 4 0 0 2  1.0
54 rcc -1.02 3.14 4 0 0 2  1.0
55 rcc -2.67 1.94 4 0 0 2  1.0
56 rcc -3.3 0.0 4 0 0 2  1.0
57 rcc -2.67 -1.94 4 0 0 2  1.0
58 rcc -1.02 -3.14 4 0 0 2  1.0
59 rcc 1.02 -3.14 4 0 0 2  1.0
60 rcc 2.67 -1.94 4 0 0 2  1.0
1001 rcc 5.6 0.0 -6 0 0 2  1.0
1002 rcc 5.17 2.14 -6 0 0 2  1.0
1003 rcc 3.96 3.96 -6 0 0 2  1.0
1004 rcc 2.14 5.17 -6 0 0 2  1.0
1005 rcc 0.0 5.6 -6 0 0 2  1.0
1006 rcc -2.14 5.17 -6 0 0 2  1.0
1007 rcc -3.96 3.96 -6 0 0 2  1.0
1008 rcc -5.17 2.14 -6 0 0 2  1.0
1009 rcc -5.6 0.0 -6 0 0 2  1.0
1010 rcc -5.17 -2.14 -6 0 0 2  1.0
1011 rcc -3.96 -3.96 -6 0 0 2  1.0
1012 rcc -2.14 -5.17 -6 0 0 2  1.0
1013 rcc -0.0 -5.6 -6 0 0 2  1.0
1014 rcc 2.14 -5.17 -6 0 0 2  1.0
1015 rcc 3.96 -3.96 -6 0 0 2  1.0
1016 rcc 5.17 -2.14 -6 0 0 2  1.0
1017 rcc 5.6 0.0 -4 0 0 2  1.0
1018 rcc 5.17 2.14 -4 0 0 2  1.0
1019 rcc 3.96 3.96 -4 0 0 2  1.0
1020 rcc 2.14 5.17 -4 0 0 2  1.0
1021 rcc 0.0 5.6 -4 0 0 2  1.0
1022 rcc -2.14 5.17 -4 0 0 2  1.0
1023 rcc -3.96 3.96 -4 0 0 2  1.0
1024 rcc -5.17 2.14 -4 0 0 2  1.0
1025 rcc -5.6 0.0 -4 0 0 2  1.0
1026 rcc -5.17 -2.14 -4 0 0 2  1.0
1027 rcc -3.96 -3.96 -4 0 0 2  1.0
1028 rcc -2.14 -5.17 -4 0 0 2  1.0
1029 rcc -0.0 -5.6 -4 0 0 2  1.0
1030 rcc 2.14 -5.17 -4 0 0 2  1.0
1031 rcc 3.96 -3.96 -4 0 0 2  1.0
1032 rcc 5.17 -2.14 -4 0 0 2  1.0
1033 rcc 5.6 0.0 -2 0 0 2  1.0
1034 rcc 5.17 2.14 -2 0 0 2  1.0
1035 rcc 3.96 3.96 -2 0 0 2  1.0
1036 rcc 2.14 5.17 -2 0 0 2  1.0
1037 rcc 0.0 5.6 -2 0 0 2  1.0
1038 rcc -2.14 5.17 -2 0 0 2  1.0
1039 rcc -3.96 3.96 -2 0 0 2  1.0
1040 rcc -5.17 2.14 -2 0 0 2  1.0
1041 rcc -5.6 0.0 -2 0 0 2  1.0
1042 rcc -5.17 -2.14 -2 0 0 2  1.0
1043 rcc -3.96 -3.96 -2 0 0 2  1.0
1044 rcc -2.14 -5.17 -2 0 0 2  1.0
1045 rcc -0.0 -5.6 -2 0 0 2  1.0
1046 rcc 2.14 -5.17 -2 0 0 2  1.0
1047 rcc 3.96 -3.96 -2 0 0 2  1.0
1048 rcc 5.17 -2.14 -2 0 0 2  1.0
1049 rcc 5.6 0.0 0 0 0 2  1.0
1050 rcc 5.17 2.14 0 0 0 2  1.0
1051 rcc 3.96 3.96 0 0 0 2  1.0
1052 rcc 2.14 5.17 0 0 0 2  1.0
1053 rcc 0.0 5.6 0 0 0 2  1.0
1054 rcc -2.14 5.17 0 0 0 2  1.0
1055 rcc -3.96 3.96 0 0 0 2  1.0
1056 rcc -5.17 2.14 0 0 0 2  1.0
1057 rcc -5.6 0.0 0 0 0 2  1.0
1058 rcc -5.17 -2.14 0 0 0 2  1.0
1059 rcc -3.96 -3.96 0 0 0 2  1.0
1060 rcc -2.14 -5.17 0 0 0 2  1.0
1061 rcc -0.0 -5.6 0 0 0 2  1.0
1062 rcc 2.14 -5.17 0 0 0 2  1.0
1063 rcc 3.96 -3.96 0 0 0 2  1.0
1064 rcc 5.17 -2.14 0 0 0 2  1.0
1065 rcc 5.6 0.0 2 0 0 2  1.0
1066 rcc 5.17 2.14 2 0 0 2  1.0
1067 rcc 3.96 3.96 2 0 0 2  1.0
1068 rcc 2.14 5.17 2 0 0 2  1.0
1069 rcc 0.0 5.6 2 0 0 2  1.0
1070 rcc -2.14 5.17 2 0 0 2  1.0
1071 rcc -3.96 3.96 2 0 0 2  1.0
1072 rcc -5.17 2.14 2 0 0 2  1.0
1073 rcc -5.6 0.0 2 0 0 2  1.0
1074 rcc -5.17 -2.14 2 0 0 2  1.0
1075 rcc -3.96 -3.96 2 0 0 2  1.0
1076 rcc -2.14 -5.17 2 0 0 2  1.0
1077 rcc -0.0 -5.6 2 0 0 2  1.0
1078 rcc 2.14 -5.17 2 0 0 2  1.0
1079 rcc 3.96 -3.96 2 0 0 2  1.0
1080 rcc 5.17 -2.14 2 0 0 2  1.0
1081 rcc 5.6 0.0 4 0 0 2  1.0
1082 rcc 5.17 2.14 4 0 0 2  1.0
1083 rcc 3.96 3.96 4 0 0 2  1.0
1084 rcc 2.14 5.17 4 0 0 2  1.0
1085 rcc 0.0 5.6 4 0 0 2  1.0
1086 rcc -2.14 5.17 4 0 0 2  1.0
1087 rcc -3.96 3.96 4 0 0 2  1.0
1088 rcc -5.17 2.14 4 0 0 2  1.0
1089 rcc -5.6 0.0 4 0 0 2  1.0
1090 rcc -5.17 -2.14 4 0 0 2  1.0
1091 rcc -3.96 -3.96 4 0 0 2  1.0
1092 rcc -2.14 -5.17 4 0 0 2  1.0
1093 rcc -0.0 -5.6 4 0 0 2  1.0
1094 rcc 2.14 -5.17 4 0 0 2  1.0
1095 rcc 3.96 -3.96 4 0 0 2  1.0
1096 rcc 5.17 -2.14 4 0 0 2  1.0
2001 rcc 8.0 0.0 -6 0 0 2  1.0
2002 rcc 7.73 2.07 -6 0 0 2  1.0
2003 rcc 6.93 4.0 -6 0 0 2  1.0
2004 rcc 5.66 5.66 -6 0 0 2  1.0
2005 rcc 4.0 6.93 -6 0 0 2  1.0
2006 rcc 2.07 7.73 -6 0 0 2  1.0
2007 rcc 0.0 8.0 -6 0 0 2  1.0
2008 rcc -2.07 7.73 -6 0 0 2  1.0
2009 rcc -4.0 6.93 -6 0 0 2  1.0
2010 rcc -5.66 5.66 -6 0 0 2  1.0
2011 rcc -6.93 4.0 -6 0 0 2  1.0
2012 rcc -7.73 2.07 -6 0 0 2  1.0
2013 rcc -8.0 0.0 -6 0 0 2  1.0
2014 rcc -7.73 -2.07 -6 0 0 2  1.0
2015 rcc -6.93 -4.0 -6 0 0 2  1.0
2016 rcc -5.66 -5.66 -6 0 0 2  1.0
2017 rcc -4.0 -6.93 -6 0 0 2  1.0
2018 rcc -2.07 -7.73 -6 0 0 2  1.0
2019 rcc -0.0 -8.0 -6 0 0 2  1.0
2020 rcc 2.07 -7.73 -6 0 0 2  1.0
2021 rcc 4.0 -6.93 -6 0 0 2  1.0
2022 rcc 5.66 -5.66 -6 0 0 2  1.0
2023 rcc 6.93 -4.0 -6 0 0 2  1.0
2024 rcc 7.73 -2.07 -6 0 0 2  1.0
2025 rcc 8.0 0.0 -4 0 0 2  1.0
2026 rcc 7.73 2.07 -4 0 0 2  1.0
2027 rcc 6.93 4.0 -4 0 0 2  1.0
2028 rcc 5.66 5.66 -4 0 0 2  1.0
2029 rcc 4.0 6.93 -4 0 0 2  1.0
2030 rcc 2.07 7.73 -4 0 0 2  1.0
2031 rcc 0.0 8.0 -4 0 0 2  1.0
2032 rcc -2.07 7.73 -4 0 0 2  1.0
2033 rcc -4.0 6.93 -4 0 0 2  1.0
2034 rcc -5.66 5.66 -4 0 0 2  1.0
2035 rcc -6.93 4.0 -4 0 0 2  1.0
2036 rcc -7.73 2.07 -4 0 0 2  1.0
2037 rcc -8.0 0.0 -4 0 0 2  1.0
2038 rcc -7.73 -2.07 -4 0 0 2  1.0
2039 rcc -6.93 -4.0 -4 0 0 2  1.0
2040 rcc -5.66 -5.66 -4 0 0 2  1.0
2041 rcc -4.0 -6.93 -4 0 0 2  1.0
2042 rcc -2.07 -7.73 -4 0 0 2  1.0
2043 rcc -0.0 -8.0 -4 0 0 2  1.0
2044 rcc 2.07 -7.73 -4 0 0 2  1.0
2045 rcc 4.0 -6.93 -4 0 0 2  1.0
2046 rcc 5.66 -5.66 -4 0 0 2  1.0
2047 rcc 6.93 -4.0 -4 0 0 2  1.0
2048 rcc 7.73 -2.07 -4 0 0 2  1.0
2049 rcc 8.0 0.0 -2 0 0 2  1.0
2050 rcc 7.73 2.07 -2 0 0 2  1.0
2051 rcc 6.93 4.0 -2 0 0 2  1.0
2052 rcc 5.66 5.66 -2 0 0 2  1.0
2053 rcc 4.0 6.93 -2 0 0 2  1.0
2054 rcc 2.07 7.73 -2 0 0 2  1.0
2055 rcc 0.0 8.0 -2 0 0 2  1.0
2056 rcc -2.07 7.73 -2 0 0 2  1.0
2057 rcc -4.0 6.93 -2 0 0 2  1.0
2058 rcc -5.66 5.66 -2 0 0 2  1.0
2059 rcc -6.93 4.0 -2 0 0 2  1.0
2060 rcc -7.73 2.07 -2 0 0 2  1.0
2061 rcc -8.0 0.0 -2 0 0 2  1.0
2062 rcc -7.73 -2.07 -2 0 0 2  1.0
2063 rcc -6.93 -4.0 -2 0 0 2  1.0
2064 rcc -5.66 -5.66 -2 0 0 2  1.0
2065 rcc -4.0 -6.93 -2 0 0 2  1.0
2066 rcc -2.07 -7.73 -2 0 0 2  1.0
2067 rcc -0.0 -8.0 -2 0 0 2  1.0
2068 rcc 2.07 -7.73 -2 0 0 2  1.0
2069 rcc 4.0 -6.93 -2 0 0 2  1.0
2070 rcc 5.66 -5.66 -2 0 0 2  1.0
2071 rcc 6.93 -4.0 -2 0 0 2  1.0
2072 rcc 7.73 -2.07 -2 0 0 2  1.0
2073 rcc 8.0 0.0 0 0 0 2  1.0
2074 rcc 7.73 2.07 0 0 0 2  1.0
2075 rcc 6.93 4.0 0 0 0 2  1.0
2076 rcc 5.66 5.66 0 0 0 2  1.0
2077 rcc 4.0 6.93 0 0 0 2  1.0
2078 rcc 2.07 7.73 0 0 0 2  1.0
2079 rcc 0.0 8.0 0 0 0 2  1.0
2080 rcc -2.07 7.73 0 0 0 2  1.0
2081 rcc -4.0 6.93 0 0 0 2  1.0
2082 rcc -5.66 5.66 0 0 0 2  1.0
2083 rcc -6.93 4.0 0 0 0 2  1.0
2084 rcc -7.73 2.07 0 0 0 2  1.0
2085 rcc -8.0 0.0 0 0 0 2  1.0
2086 rcc -7.73 -2.07 0 0 0 2  1.0
2087 rcc -6.93 -4.0 0 0 0 2  1.0
2088 rcc -5.66 -5.66 0 0 0 2  1.0
2089 rcc -4.0 -6.93 0 0 0 2  1.0
2090 rcc -2.07 -7.73 0 0 0 2  1.0
2091 rcc -0.0 -8.0 0 0 0 2  1.0
2092 rcc 2.07 -7.73 0 0 0 2  1.0
2093 rcc 4.0 -6.93 0 0 0 2  1.0
2094 rcc 5.66 -5.66 0 0 0 2  1.0
2095 rcc 6.93 -4.0 0 0 0 2  1.0
2096 rcc 7.73 -2.07 0 0 0 2  1.0
2097 rcc 8.0 0.0 2 0 0 2  1.0
2098 rcc 7.73 2.07 2 0 0 2  1.0
2099 rcc 6.93 4.0 2 0 0 2  1.0
2100 rcc 5.66 5.66 2 0 0 2  1.0
2101 rcc 4.0 6.93 2 0 0 2  1.0
2102 rcc 2.07 7.73 2 0 0 2  1.0
2103 rcc 0.0 8.0 2 0 0 2  1.0
2104 rcc -2.07 7.73 2 0 0 2  1.0
2105 rcc -4.0 6.93 2 0 0 2  1.0
2106 rcc -5.66 5.66 2 0 0 2  1.0
2107 rcc -6.93 4.0 2 0 0 2  1.0
2108 rcc -7.73 2.07 2 0 0 2  1.0
2109 rcc -8.0 0.0 2 0 0 2  1.0
2110 rcc -7.73 -2.07 2 0 0 2  1.0
2111 rcc -6.93 -4.0 2 0 0 2  1.0
2112 rcc -5.66 -5.66 2 0 0 2  1.0
2113 rcc -4.0 -6.93 2 0 0 2  1.0
2114 rcc -2.07 -7.73 2 0 0 2  1.0
2115 rcc -0.0 -8.0 2 0 0 2  1.0
2116 rcc 2.07 -7.73 2 0 0 2  1.0
2117 rcc 4.0 -6.93 2 0 0 2  1.0
2118 rcc 5.66 -5.66 2 0 0 2  1.0
2119 rcc 6.93 -4.0 2 0 0 2  1.0
2120 rcc 7.73 -2.07 2 0 0 2  1.0
2121 rcc 8.0 0.0 4 0 0 2  1.0
2122 rcc 7.73 2.07 4 0 0 2  1.0
2123 rcc 6.93 4.0 4 0 0 2  1.0
2124 rcc 5.66 5.66 4 0 0 2  1.0
2125 rcc 4.0 6.93 4 0 0 2  1.0
2126 rcc 2.07 7.73 4 0 0 2  1.0
2127 rcc 0.0 8.0 4 0 0 2  1.0
2128 rcc -2.07 7.73 4 0 0 2  1.0
2129 rcc -4.0 6.93 4 0 0 2  1.0
2130 rcc -5.66 5.66 4 0 0 2  1.0
2131 rcc -6.93 4.0 4 0 0 2  1.0
2132 rcc -7.73 2.07 4 0 0 2  1.0
2133 rcc -8.0 0.0 4 0 0 2  1.0
2134 rcc -7.73 -2.07 4 0 0 2  1.0
2135 rcc -6.93 -4.0 4 0 0 2  1.0
2136 rcc -5.66 -5.66 4 0 0 2  1.0
2137 rcc -4.0 -6.93 4 0 0 2  1.0
2138 rcc -2.07 -7.73 4 0 0 2  1.0
2139 rcc -0.0 -8.0 4 0 0 2  1.0
2140 rcc 2.07 -7.73 4 0 0 2  1.0
2141 rcc 4.0 -6.93 4 0 0 2  1.0
2142 rcc 5.66 -5.66 4 0 0 2  1.0
2143 rcc 6.93 -4.0 4 0 0 2  1.0
2144 rcc 7.73 -2.07 4 0 0 2  1.0
3002   rpp   -9 -7 -1 1 6.0 8.0
3003   rpp   -7 -5 -1 1 6.0 8.0
3004   rpp   -5 -3 -1 1 6.0 8.0
3005   rpp   -3 -1 -1 1 6.0 8.0
3006   rpp   -1 1 -1 1 6.0 8.0
3007   rpp   1 3 -1 1 6.0 8.0
3008   rpp   3 5 -1 1 6.0 8.0
3009   rpp   5 7 -1 1 6.0 8.0
3010   rpp   7 9 -1 1 6.0 8.0
3011   rpp   -8 -6 1 3 6.0 8.0
3012   rpp   -6 -4 1 3 6.0 8.0
3013   rpp   -4 -2 1 3 6.0 8.0
3014   rpp   -2 0 1 3 6.0 8.0
3015   rpp    0 2 1 3 6.0 8.0
3016   rpp   2 4 1 3 6.0 8.0
3017   rpp   4 6 1 3 6.0 8.0
3018   rpp   6 8 1 3 6.0 8.0
3019   rpp   -7 -5 3 5 6.0 8.0
3020   rpp   -5 -3 3 5 6.0 8.0
3021   rpp   -3 -1 3 5 6.0 8.0
3022   rpp   -1 1 3 5 6.0 8.0
3023   rpp    1 3 3 5 6.0 8.0
3024   rpp   3 5 3 5 6.0 8.0
3025   rpp   5 7 3 5 6.0 8.0
3026   rpp   -6 -4 5 7 6.0 8.0
3027   rpp   -4 -2 5 7 6.0 8.0
3028   rpp   -2 0 5 7 6.0 8.0
3029   rpp   0 2 5 7 6.0 8.0
3030   rpp    2 4 5 7 6.0 8.0
3031   rpp   4 6 5 7 6.0 8.0
3032   rpp   -2 0 7 9 6.0 8.0
3033   rpp   0 2 7 9 6.0 8.0
3034   rpp   -8 -6 -3 -1 6.0 8.0
3035   rpp   -6 -4 -3 -1 6.0 8.0
3036   rpp   -4 -2 -3 -1 6.0 8.0
3037   rpp   -2 0 -3 -1 6.0 8.0
3038   rpp    0 2 -3 -1 6.0 8.0
3039   rpp   2 4 -3 -1 6.0 8.0
3040   rpp   4 6 -3 -1 6.0 8.0
3041   rpp   6 8 -3 -1 6.0 8.0
3042   rpp   -7 -5 -5 -3 6.0 8.0
3043   rpp   -5 -3 -5 -3 6.0 8.0
3044   rpp   -3 -1 -5 -3 6.0 8.0
3045   rpp   -1 1 -5 -3 6.0 8.0
3046   rpp    1 3 -5 -3 6.0 8.0
3047   rpp   3 5 -5 -3 6.0 8.0
3048   rpp   5 7 -5 -3 6.0 8.0
3049   rpp   -6 -4 -7 -5 6.0 8.0
3050   rpp   -4 -2 -7 -5 6.0 8.0
3051   rpp   -2 0 -7 -5 6.0 8.0
3052   rpp   0 2 -7 -5 6.0 8.0
3053   rpp    2 4 -7 -5 6.0 8.0
3054   rpp   4 6 -7 -5 6.0 8.0
3055   rpp   -2 0 -9 -7 6.0 8.0
3056   rpp   0 2 -9 -7 6.0 8.0
3057   rpp   -9 -7 -1 1 8.0 10.0
3058   rpp   -7 -5 -1 1 8.0 10.0
3059   rpp   -5 -3 -1 1 8.0 10.0
3060   rpp   -3 -1 -1 1 8.0 10.0
3061   rpp   -1 1 -1 1 8.0 10.0
3062   rpp   1 3 -1 1 8.0 10.0
3063   rpp   3 5 -1 1 8.0 10.0
3064   rpp   5 7 -1 1 8.0 10.0
3065   rpp   7 9 -1 1 8.0 10.0
3066   rpp   -8 -6 1 3 8.0 10.0
3067   rpp   -6 -4 1 3 8.0 10.0
3068   rpp   -4 -2 1 3 8.0 10.0
3069   rpp   -2 0 1 3 8.0 10.0
3070   rpp    0 2 1 3 8.0 10.0
3071   rpp   2 4 1 3 8.0 10.0
3072   rpp   4 6 1 3 8.0 10.0
3073   rpp   6 8 1 3 8.0 10.0
3074   rpp   -7 -5 3 5 8.0 10.0
3075   rpp   -5 -3 3 5 8.0 10.0
3076   rpp   -3 -1 3 5 8.0 10.0
3077   rpp   -1 1 3 5 8.0 10.0
3078   rpp    1 3 3 5 8.0 10.0
3079   rpp   3 5 3 5 8.0 10.0
3080   rpp   5 7 3 5 8.0 10.0
3081   rpp   -6 -4 5 7 8.0 10.0
3082   rpp   -4 -2 5 7 8.0 10.0
3083   rpp   -2 0 5 7 8.0 10.0
3084   rpp   0 2 5 7 8.0 10.0
3085   rpp    2 4 5 7 8.0 10.0
3086   rpp   4 6 5 7 8.0 10.0
3087   rpp   -2 0 7 9 8.0 10.0
3088   rpp   0 2 7 9 8.0 10.0
3089   rpp   -8 -6 -3 -1 8.0 10.0
3090   rpp   -6 -4 -3 -1 8.0 10.0
3091   rpp   -4 -2 -3 -1 8.0 10.0
3092   rpp   -2 0 -3 -1 8.0 10.0
3093   rpp    0 2 -3 -1 8.0 10.0
3094   rpp   2 4 -3 -1 8.0 10.0
3095   rpp   4 6 -3 -1 8.0 10.0
3096   rpp   6 8 -3 -1 8.0 10.0
3097   rpp   -7 -5 -5 -3 8.0 10.0
3098   rpp   -5 -3 -5 -3 8.0 10.0
3099   rpp   -3 -1 -5 -3 8.0 10.0
3100   rpp   -1 1 -5 -3 8.0 10.0
3101   rpp    1 3 -5 -3 8.0 10.0
3102   rpp   3 5 -5 -3 8.0 10.0
3103   rpp   5 7 -5 -3 8.0 10.0
3104   rpp   -6 -4 -7 -5 8.0 10.0
3105   rpp   -4 -2 -7 -5 8.0 10.0
3106   rpp   -2 0 -7 -5 8.0 10.0
3107  rpp   0 2 -7 -5 8.0 10.0
3108   rpp    2 4 -7 -5 8.0 10.0
3109   rpp   4 6 -7 -5 8.0 10.0
3110   rpp   -2 0 -9 -7 8.0 10.0
3111   rpp   0 2 -9 -7 8.0 10.0
3112   rpp   -9 -7 -1 1 10.0 12.0
3113   rpp   -7 -5 -1 1 10.0 12.0
3114   rpp   -5 -3 -1 1 10.0 12.0
3115   rpp   -3 -1 -1 1 10.0 12.0
3116   rpp   -1 1 -1 1 10.0 12.0
3117   rpp   1 3 -1 1 10.0 12.0
3118   rpp   3 5 -1 1 10.0 12.0
3119   rpp   5 7 -1 1 10.0 12.0
3120   rpp   7 9 -1 1 10.0 12.0
3121   rpp   -8 -6 1 3 10.0 12.0
3122   rpp   -6 -4 1 3 10.0 12.0
3123   rpp   -4 -2 1 3 10.0 12.0
3124   rpp   -2 0 1 3 10.0 12.0
3125   rpp    0 2 1 3 10.0 12.0
3126   rpp   2 4 1 3 10.0 12.0
3127  rpp   4 6 1 3 10.0 12.0
3128   rpp   6 8 1 3 10.0 12.0
3129   rpp   -7 -5 3 5 10.0 12.0
3130   rpp   -5 -3 3 5 10.0 12.0
3131   rpp   -3 -1 3 5 10.0 12.0
3132   rpp   -1 1 3 5 10.0 12.0
3133   rpp    1 3 3 5 10.0 12.0
3134   rpp   3 5 3 5 10.0 12.0
3135   rpp   5 7 3 5 10.0 12.0
3136   rpp   -6 -4 5 7 10.0 12.0
3137   rpp   -4 -2 5 7 10.0 12.0
3138   rpp   -2 0 5 7 10.0 12.0
3139   rpp   0 2 5 7 10.0 12.0
3140   rpp    2 4 5 7 10.0 12.0
3141   rpp   4 6 5 7 10.0 12.0
3142   rpp   -2 0 7 9 10.0 12.0
3143   rpp   0 2 7 9 10.0 12.0
3144  rpp   -8 -6 -3 -1 10.0 12.0
3145   rpp   -6 -4 -3 -1 10.0 12.0
3146   rpp   -4 -2 -3 -1 10.0 12.0
3147   rpp   -2 0 -3 -1 10.0 12.0
3148   rpp    0 2 -3 -1 10.0 12.0
3149   rpp   2 4 -3 -1 10.0 12.0
3150   rpp   4 6 -3 -1 10.0 12.0
3151   rpp   6 8 -3 -1 10.0 12.0
3152   rpp   -7 -5 -5 -3 10.0 12.0
3153   rpp   -5 -3 -5 -3 10.0 12.0
3154   rpp   -3 -1 -5 -3 10.0 12.0
3155   rpp   -1 1 -5 -3 10.0 12.0
3156   rpp    1 3 -5 -3 10.0 12.0
3157   rpp   3 5 -5 -3 10.0 12.0
3158   rpp   5 7 -5 -3 10.0 12.0
3159   rpp   -6 -4 -7 -5 10.0 12.0
3160   rpp   -4 -2 -7 -5 10.0 12.0
3161   rpp   -2 0 -7 -5 10.0 12.0
3162   rpp   0 2 -7 -5 10.0 12.0
3163   rpp    2 4 -7 -5 10.0 12.0
3164   rpp   4 6 -7 -5 10.0 12.0
3165   rpp   -2 0 -9 -7 10.0 12.0
3166   rpp   0 2 -9 -7 10.0 12.0

c  Data for Controlling cards
RAND SEED 19073484893675
mode n
c IMP:n 0 0 0 1 16 8 4 2 1 1 239R 8 344R 4 464R 2 569R
c IMP:n 0 1 8 4 2 8 4 2 1 8 239R 4 344R 2 464R 8 80R 4 80R 2 80R
IMP:n 0 0 1 1 1 1 1 1 1 1 1 1 59R 1 95R 1 143R 1 54R 1 54R 1 54R
c
c =============== MATERIALS ===============================
m82   82000.               1           $ lead
c m82   6000                 0.000150      $ air
c      7014                 0.784431
c      8016                 0.210748
c      18000                0.004671
m112  1001                 0.627759
      5011                 0.046690
      6012                 0.325552    $ Borated Polyethylene, HC
c m112   6000                 0.000150      $ air
c      7014                 0.784431
c      8016                 0.210748
c      18000                0.004671
m5355 55133                2.0         $ CLYC (density = 3.31 g/cc)
      3006                 0.05
      3007                 0.95
      39089                1.0
      17035                4.5456
      17037                1.4544
m6466 13027                1.0
c m5355   6000                 0.000150      $ air
c      7014                 0.784431
c      8016                 0.210748
c      18000                0.004671
c m5355 53127.74c            0.499999
c      55133.74c            0.500012    $ Iodide and Cesium
c ================= SOURCE TERM ==================
SDEF ERG = 2.5e-8 POS 100 0 0 VEC= -1.0 -0.0 -0.0 DIR=d1 WGT 20 par=n
SI1 -1 0.98 1
SP1 0 0.99 0.01
SB1 0. 0. 1.
c
c ================= TALLIES ==================
c FMESH104:n geom=xyz origin -100 -0.5 -100
c                       imesh  100          iints 200
c                       jmesh      0.5     jints   1
c                       kmesh           100 kints 200 
f4:n 7777
e4 1e-11 100i 1e-7
fc4 *Neutron Flux In Detector*
fq4 e f
c
c CTME  1
NPS  1.0E+5