message: runtpe=DDRS3_rand2.runtpe
         outp=DDRS3_rand2.outp
         meshtal=DDRS3_rand2.meshtal

c
c Title: MCNP input file for NDTGamma project
c Authors: Ivan Novikov (ivan.novikov@wku.edu), Devon Loomis
c Description:
c  The very first model for DDRS experiment
c
c
c
c =============== CELL CARDS ===============
c
c 5555   0      -5555
4444   0      -4444
6666   0      6666
7777   5355   -3.31 -7777        $detector filled with CLYC
8001   0      7777 -8001
              1 2 3 4 5 6 7 8 9 10
              11 12 13 14 15 16 17 18 19 20
              21 22 23 24 25 26 27 28 29 30
              31 32 33 34 35 36 37 38 39 40
              41 42 43 44 45 46 47 48 49 50
              51 52 53 54 55 56 57 58 59 60
              61 62 63 64 65 66 67 68 69 70
              71 72 73 74 75 76 77 78 79 80
              81 82 83 84 85 86 87 88 89 90
              91 92 93 94 95 96 97 98 99 100
              101 102 103 104 105 106 107 108 109 110
              111 112 113 114 115 116 117 118 119 120
              121 122 123 124 125 126 127 128 129 130
              131 132 133 134 135 136 137 138 139 140
              141 142 143 144 145 146 147 148 149 150
              151 152 153 154 155 156 157 158 159 160
              161 162 163 164 165 166 167 168 169 170
              171 172 173 174 175 176 177 178 179 180
              181 182 183 184 185 186 187 188 189 190
              191 192 193 194 195 196 197 198 199 200
              201 202 203 204 205 206 207 208 209 210
              211 212 213 214 215 216 217 218 219 220
              221 222 223 224 225 226 227 228 229 230
              231 232 233 234 235 236 237 238 239
8002   0      8001 -8002
              1001 1002 1003 1004 1005 1006 1007 1008 1009 1010
              1011 1012 1013 1014 1015 1016 1017 1018 1019 1020
              1021 1022 1023 1024 1025 1026 1027 1028 1029 1030
              1031 1032 1033 1034 1035 1036 1037 1038 1039 1040
              1041 1042 1043 1044 1045 1046 1047 1048 1049 1050
              1051 1052 1053 1054 1055 1056 1057 1058 1059 1060
              1061 1062 1063 1064 1065 1066 1067 1068 1069 1070
              1071 1072 1073 1074 1075 1076 1077 1078 1079 1080
              1081 1082 1083 1084 1085 1086 1087 1088 1089 1090
              1091 1092 1093 1094 1095 1096 1097 1098 1099 1100
              1101 1102 1103 1104 1105 1106 1107 1108 1109 1110
              1111 1112 1113 1114 1115 1116 1117 1118 1119 1120
              1121 1122 1123 1124 1125 1126 1127 1128 1129 1130
              1131 1132 1133 1134 1135 1136 1137 1138 1139 1140
              1141 1142 1143 1144 1145 1146 1147 1148 1149 1150
              1151 1152 1153 1154 1155 1156 1157 1158 1159 1160
              1161 1162 1163 1164 1165 1166 1167 1168 1169 1170
              1171 1172 1173 1174 1175 1176 1177 1178 1179 1180
              1181 1182 1183 1184 1185 1186 1187 1188 1189 1190
              1191 1192 1193 1194 1195 1196 1197 1198 1199 1200
              1201 1202 1203 1204 1205 1206 1207 1208 1209 1210
              1211 1212 1213 1214 1215 1216 1217 1218 1219 1220
              1221 1222 1223 1224 1225 1226 1227 1228 1229 1230
              1231 1232 1233 1234 1235 1236 1237 1238 1239 1240
              1241 1242 1243 1244 1245 1246 1247 1248 1249 1250
              1251 1252 1253 1254 1255 1256 1257 1258 1259 1260
              1261 1262 1263 1264 1265 1266 1267 1268 1269 1270
              1271 1272 1273 1274 1275 1276 1277 1278 1279 1280
              1281 1282 1283 1284 1285 1286 1287 1288 1289 1290
              1291 1292 1293 1294 1295 1296 1297 1298 1299 1300
              1301 1302 1303 1304 1305 1306 1307 1308 1309 1310
              1311 1312 1313 1314 1315 1316 1317 1318 1319 1320
              1321 1322 1323 1324 1325 1326 1327 1328 1329 1330
              1331 1332 1333 1334 1335 1336 1337 1338 1339 1340
              1341 1342 1343 1344 1345
8003   0      8002 -8003
              2001 2002 2003 2004 2005 2006 2007 2008 2009 2010
              2011 2012 2013 2014 2015 2016 2017 2018 2019 2020
              2021 2022 2023 2024 2025 2026 2027 2028 2029 2030
              2031 2032 2033 2034 2035 2036 2037 2038 2039 2040
              2041 2042 2043 2044 2045 2046 2047 2048 2049 2050
              2051 2052 2053 2054 2055 2056 2057 2058 2059 2060
              2061 2062 2063 2064 2065 2066 2067 2068 2069 2070
              2071 2072 2073 2074 2075 2076 2077 2078 2079 2080
              2081 2082 2083 2084 2085 2086 2087 2088 2089 2090
              2091 2092 2093 2094 2095 2096 2097 2098 2099 2100
              2101 2102 2103 2104 2105 2106 2107 2108 2109 2110
              2111 2112 2113 2114 2115 2116 2117 2118 2119 2120
              2121 2122 2123 2124 2125 2126 2127 2128 2129 2130
              2131 2132 2133 2134 2135 2136 2137 2138 2139 2140
              2141 2142 2143 2144 2145 2146 2147 2148 2149 2150
              2151 2152 2153 2154 2155 2156 2157 2158 2159 2160
              2161 2162 2163 2164 2165 2166 2167 2168 2169 2170
              2171 2172 2173 2174 2175 2176 2177 2178 2179 2180
              2181 2182 2183 2184 2185 2186 2187 2188 2189 2190
              2191 2192 2193 2194 2195 2196 2197 2198 2199 2200
              2201 2202 2203 2204 2205 2206 2207 2208 2209 2210
              2211 2212 2213 2214 2215 2216 2217 2218 2219 2220
              2221 2222 2223 2224 2225 2226 2227 2228 2229 2230
              2231 2232 2233 2234 2235 2236 2237 2238 2239 2240
              2241 2242 2243 2244 2245 2246 2247 2248 2249 2250
              2251 2252 2253 2254 2255 2256 2257 2258 2259 2260
              2261 2262 2263 2264 2265 2266 2267 2268 2269 2270
              2271 2272 2273 2274 2275 2276 2277 2278 2279 2280
              2281 2282 2283 2284 2285 2286 2287 2288 2289 2290
              2291 2292 2293 2294 2295 2296 2297 2298 2299 2300
              2301 2302 2303 2304 2305 2306 2307 2308 2309 2310
              2311 2312 2313 2314 2315 2316 2317 2318 2319 2320
              2321 2322 2323 2324 2325 2326 2327 2328 2329 2330
              2331 2332 2333 2334 2335 2336 2337 2338 2339 2340
              2341 2342 2343 2344 2345 2346 2347 2348 2349 2350
              2351 2352 2353 2354 2355 2356 2357 2358 2359 2360
              2361 2362 2363 2364 2365 2366 2367 2368 2369 2370
              2371 2372 2373 2374 2375 2376 2377 2378 2379 2380
              2381 2382 2383 2384 2385 2386 2387 2388 2389 2390
              2391 2392 2393 2394 2395 2396 2397 2398 2399 2400
              2401 2402 2403 2404 2405 2406 2407 2408 2409 2410
              2411 2412 2413 2414 2415 2416 2417 2418 2419 2420
              2421 2422 2423 2424 2425 2426 2427 2428 2429 2430
              2431 2432 2433 2434 2435 2436 2437 2438 2439 2440
              2441 2442 2443 2444 2445 2446 2447 2448 2449 2450
              2451 2452 2453 2454 2455 2456 2457 2458 2459 2460
              2461 2462 2463 2464 2465
8004   0      8003 -8004
              3001 3002 3003 3004 3005 3006 3007 3008 3009 3010
              3011 3012 3013 3014 3015 3016 3017 3018 3019 3020
              3021 3022 3023 3024 3025 3026 3027 3028 3029 3030
              3031 3032 3033 3034 3035 3036 3037 3038 3039 3040
              3041 3042 3043 3044 3045 3046 3047 3048 3049 3050
              3051 3052 3053 3054 3055 3056 3057 3058 3059 3060
              3061 3062 3063 3064 3065 3066 3067 3068 3069 3070
              3071 3072 3073 3074 3075 3076 3077 3078 3079 3080
              3081
8005   0      8004 -8005
              3082 3083 3084 3085 3086 3087 3088 3089 3090 3091
              3092 3093 3094 3095 3096 3097 3098 3099 3100 3101
              3102 3103 3104 3105 3106 3107 3108 3109 3110 3111
              3112 3113 3114 3115 3116 3117 3118 3119 3120 3121
              3122 3123 3124 3125 3126 3127 3128 3129 3130 3131
              3132 3133 3134 3135 3136 3137 3138 3139 3140 3141
              3142 3143 3144 3145 3146 3147 3148 3149 3150 3151
              3152 3153 3154 3155 3156 3157 3158 3159 3160 3161
              3162
8006   0      8005 -8006
              3163 3164 3165 3166 3167 3168 3169 3170 3171 3172
              3173 3174 3175 3176 3177 3178 3179 3180 3181 3182
              3183 3184 3185 3186 3187 3188 3189 3190 3191 3192
              3193 3194 3195 3196 3197 3198 3199 3200 3201 3202
              3203 3204 3205 3206 3207 3208 3209 3210 3211 3212
              3213 3214 3215 3216 3217 3218 3219 3220 3221 3222
              3223 3224 3225 3226 3227 3228 3229 3230 3231 3232
              3233 3234 3235 3236 3237 3238 3239 3240 3241 3242
              3243
9999   0       -6666 8006 4444 $ 5555
c 9999   0       -6666 8003 $ 4444 5555
c SHELLS
1    82    -11.5 -1
2    112   -1.07 -2
3    82    -11.5 -3
4    112   -1.07 -4
5    82    -11.5 -5
6    82    -11.5 -6
7    112   -1.07 -7
8    82    -11.5 -8
9    112   -1.07 -9
10    112   -1.07 -10
11    112   -1.07 -11
12    82    -11.5 -12
13    82    -11.5 -13
14    82    -11.5 -14
15    82    -11.5 -15
16    112   -1.07 -16
17    112   -1.07 -17
18    112   -1.07 -18
19    82    -11.5 -19
20    112   -1.07 -20
21    112   -1.07 -21
22    112   -1.07 -22
23    112   -1.07 -23
24    112   -1.07 -24
25    82    -11.5 -25
26    112   -1.07 -26
27    82    -11.5 -27
28    82    -11.5 -28
29    82    -11.5 -29
30    112   -1.07 -30
31    82    -11.5 -31
32    82    -11.5 -32
33    112   -1.07 -33
34    112   -1.07 -34
35    112   -1.07 -35
36    82    -11.5 -36
37    112   -1.07 -37
38    112   -1.07 -38
39    112   -1.07 -39
40    82    -11.5 -40
41    112   -1.07 -41
42    112   -1.07 -42
43    112   -1.07 -43
44    112   -1.07 -44
45    112   -1.07 -45
46    112   -1.07 -46
47    82    -11.5 -47
48    112   -1.07 -48
49    112   -1.07 -49
50    82    -11.5 -50
51    112   -1.07 -51
52    82    -11.5 -52
53    82    -11.5 -53
54    82    -11.5 -54
55    112   -1.07 -55
56    112   -1.07 -56
57    82    -11.5 -57
58    82    -11.5 -58
59    112   -1.07 -59
60    112   -1.07 -60
61    112   -1.07 -61
62    112   -1.07 -62
63    112   -1.07 -63
64    112   -1.07 -64
65    82    -11.5 -65
66    82    -11.5 -66
67    82    -11.5 -67
68    112   -1.07 -68
69    112   -1.07 -69
70    112   -1.07 -70
71    112   -1.07 -71
72    112   -1.07 -72
73    82    -11.5 -73
74    112   -1.07 -74
75    112   -1.07 -75
76    112   -1.07 -76
77    82    -11.5 -77
78    82    -11.5 -78
79    82    -11.5 -79
80    112   -1.07 -80
81    82    -11.5 -81
82    112   -1.07 -82
83    82    -11.5 -83
84    82    -11.5 -84
85    112   -1.07 -85
86    82    -11.5 -86
87    82    -11.5 -87
88    112   -1.07 -88
89    112   -1.07 -89
90    82    -11.5 -90
91    82    -11.5 -91
92    82    -11.5 -92
93    82    -11.5 -93
94    82    -11.5 -94
95    82    -11.5 -95
96    112   -1.07 -96
97    82    -11.5 -97
98    112   -1.07 -98
99    112   -1.07 -99
100    82    -11.5 -100
101    112   -1.07 -101
102    82    -11.5 -102
103    112   -1.07 -103
104    82    -11.5 -104
105    112   -1.07 -105
106    112   -1.07 -106
107    112   -1.07 -107
108    82    -11.5 -108
109    82    -11.5 -109
110    112   -1.07 -110
111    112   -1.07 -111
112    112   -1.07 -112
113    82    -11.5 -113
114    112   -1.07 -114
115    112   -1.07 -115
116    112   -1.07 -116
117    82    -11.5 -117
118    82    -11.5 -118
119    112   -1.07 -119
120    112   -1.07 -120
121    112   -1.07 -121
122    82    -11.5 -122
123    82    -11.5 -123
124    82    -11.5 -124
125    112   -1.07 -125
126    112   -1.07 -126
127    112   -1.07 -127
128    82    -11.5 -128
129    112   -1.07 -129
130    82    -11.5 -130
131    82    -11.5 -131
132    112   -1.07 -132
133    82    -11.5 -133
134    112   -1.07 -134
135    112   -1.07 -135
136    82    -11.5 -136
137    112   -1.07 -137
138    112   -1.07 -138
139    112   -1.07 -139
140    82    -11.5 -140
141    82    -11.5 -141
142    112   -1.07 -142
143    112   -1.07 -143
144    112   -1.07 -144
145    112   -1.07 -145
146    112   -1.07 -146
147    112   -1.07 -147
148    112   -1.07 -148
149    112   -1.07 -149
150    112   -1.07 -150
151    82    -11.5 -151
152    112   -1.07 -152
153    112   -1.07 -153
154    82    -11.5 -154
155    112   -1.07 -155
156    82    -11.5 -156
157    112   -1.07 -157
158    112   -1.07 -158
159    82    -11.5 -159
160    82    -11.5 -160
161    112   -1.07 -161
162    112   -1.07 -162
163    112   -1.07 -163
164    112   -1.07 -164
165    82    -11.5 -165
166    112   -1.07 -166
167    112   -1.07 -167
168    82    -11.5 -168
169    82    -11.5 -169
170    82    -11.5 -170
171    112   -1.07 -171
172    112   -1.07 -172
173    112   -1.07 -173
174    82    -11.5 -174
175    82    -11.5 -175
176    82    -11.5 -176
177    112   -1.07 -177
178    112   -1.07 -178
179    82    -11.5 -179
180    82    -11.5 -180
181    82    -11.5 -181
182    82    -11.5 -182
183    112   -1.07 -183
184    82    -11.5 -184
185    112   -1.07 -185
186    82    -11.5 -186
187    82    -11.5 -187
188    82    -11.5 -188
189    112   -1.07 -189
190    82    -11.5 -190
191    82    -11.5 -191
192    112   -1.07 -192
193    82    -11.5 -193
194    112   -1.07 -194
195    112   -1.07 -195
196    82    -11.5 -196
197    112   -1.07 -197
198    112   -1.07 -198
199    82    -11.5 -199
200    82    -11.5 -200
201    82    -11.5 -201
202    82    -11.5 -202
203    82    -11.5 -203
204    82    -11.5 -204
205    112   -1.07 -205
206    112   -1.07 -206
207    82    -11.5 -207
208    82    -11.5 -208
209    82    -11.5 -209
210    112   -1.07 -210
211    112   -1.07 -211
212    112   -1.07 -212
213    82    -11.5 -213
214    82    -11.5 -214
215    112   -1.07 -215
216    82    -11.5 -216
217    82    -11.5 -217
218    112   -1.07 -218
219    112   -1.07 -219
220    82    -11.5 -220
221    112   -1.07 -221
222    112   -1.07 -222
223    82    -11.5 -223
224    112   -1.07 -224
225    112   -1.07 -225
226    82    -11.5 -226
227    82    -11.5 -227
228    82    -11.5 -228
229    112   -1.07 -229
230    82    -11.5 -230
231    82    -11.5 -231
232    82    -11.5 -232
233    112   -1.07 -233
234    112   -1.07 -234
235    82    -11.5 -235
236    82    -11.5 -236
237    112   -1.07 -237
238    82    -11.5 -238
239    82    -11.5 -239
240    112   -1.07 -240
1001    112   -1.07 -1001
1002    112   -1.07 -1002
1003    82    -11.5 -1003
1004    112   -1.07 -1004
1005    82    -11.5 -1005
1006    112   -1.07 -1006
1007    82    -11.5 -1007
1008    112   -1.07 -1008
1009    82    -11.5 -1009
1010    82    -11.5 -1010
1011    112   -1.07 -1011
1012    82    -11.5 -1012
1013    82    -11.5 -1013
1014    112   -1.07 -1014
1015    82    -11.5 -1015
1016    82    -11.5 -1016
1017    82    -11.5 -1017
1018    112   -1.07 -1018
1019    112   -1.07 -1019
1020    112   -1.07 -1020
1021    82    -11.5 -1021
1022    112   -1.07 -1022
1023    82    -11.5 -1023
1024    82    -11.5 -1024
1025    82    -11.5 -1025
1026    112   -1.07 -1026
1027    112   -1.07 -1027
1028    82    -11.5 -1028
1029    112   -1.07 -1029
1030    112   -1.07 -1030
1031    82    -11.5 -1031
1032    82    -11.5 -1032
1033    82    -11.5 -1033
1034    112   -1.07 -1034
1035    112   -1.07 -1035
1036    82    -11.5 -1036
1037    82    -11.5 -1037
1038    82    -11.5 -1038
1039    82    -11.5 -1039
1040    82    -11.5 -1040
1041    82    -11.5 -1041
1042    112   -1.07 -1042
1043    82    -11.5 -1043
1044    112   -1.07 -1044
1045    112   -1.07 -1045
1046    112   -1.07 -1046
1047    112   -1.07 -1047
1048    82    -11.5 -1048
1049    82    -11.5 -1049
1050    112   -1.07 -1050
1051    82    -11.5 -1051
1052    112   -1.07 -1052
1053    112   -1.07 -1053
1054    82    -11.5 -1054
1055    82    -11.5 -1055
1056    82    -11.5 -1056
1057    112   -1.07 -1057
1058    82    -11.5 -1058
1059    82    -11.5 -1059
1060    112   -1.07 -1060
1061    112   -1.07 -1061
1062    112   -1.07 -1062
1063    112   -1.07 -1063
1064    112   -1.07 -1064
1065    82    -11.5 -1065
1066    82    -11.5 -1066
1067    112   -1.07 -1067
1068    82    -11.5 -1068
1069    112   -1.07 -1069
1070    82    -11.5 -1070
1071    82    -11.5 -1071
1072    112   -1.07 -1072
1073    82    -11.5 -1073
1074    112   -1.07 -1074
1075    82    -11.5 -1075
1076    112   -1.07 -1076
1077    112   -1.07 -1077
1078    112   -1.07 -1078
1079    112   -1.07 -1079
1080    112   -1.07 -1080
1081    112   -1.07 -1081
1082    82    -11.5 -1082
1083    112   -1.07 -1083
1084    112   -1.07 -1084
1085    82    -11.5 -1085
1086    82    -11.5 -1086
1087    82    -11.5 -1087
1088    82    -11.5 -1088
1089    82    -11.5 -1089
1090    112   -1.07 -1090
1091    82    -11.5 -1091
1092    82    -11.5 -1092
1093    82    -11.5 -1093
1094    82    -11.5 -1094
1095    82    -11.5 -1095
1096    112   -1.07 -1096
1097    82    -11.5 -1097
1098    82    -11.5 -1098
1099    112   -1.07 -1099
1100    112   -1.07 -1100
1101    82    -11.5 -1101
1102    82    -11.5 -1102
1103    82    -11.5 -1103
1104    112   -1.07 -1104
1105    112   -1.07 -1105
1106    112   -1.07 -1106
1107    112   -1.07 -1107
1108    82    -11.5 -1108
1109    112   -1.07 -1109
1110    82    -11.5 -1110
1111    82    -11.5 -1111
1112    112   -1.07 -1112
1113    82    -11.5 -1113
1114    82    -11.5 -1114
1115    112   -1.07 -1115
1116    112   -1.07 -1116
1117    112   -1.07 -1117
1118    112   -1.07 -1118
1119    112   -1.07 -1119
1120    82    -11.5 -1120
1121    112   -1.07 -1121
1122    112   -1.07 -1122
1123    112   -1.07 -1123
1124    82    -11.5 -1124
1125    82    -11.5 -1125
1126    82    -11.5 -1126
1127    82    -11.5 -1127
1128    82    -11.5 -1128
1129    112   -1.07 -1129
1130    112   -1.07 -1130
1131    82    -11.5 -1131
1132    82    -11.5 -1132
1133    112   -1.07 -1133
1134    112   -1.07 -1134
1135    112   -1.07 -1135
1136    112   -1.07 -1136
1137    82    -11.5 -1137
1138    112   -1.07 -1138
1139    82    -11.5 -1139
1140    82    -11.5 -1140
1141    82    -11.5 -1141
1142    112   -1.07 -1142
1143    82    -11.5 -1143
1144    82    -11.5 -1144
1145    112   -1.07 -1145
1146    112   -1.07 -1146
1147    82    -11.5 -1147
1148    82    -11.5 -1148
1149    112   -1.07 -1149
1150    112   -1.07 -1150
1151    112   -1.07 -1151
1152    112   -1.07 -1152
1153    82    -11.5 -1153
1154    112   -1.07 -1154
1155    82    -11.5 -1155
1156    82    -11.5 -1156
1157    82    -11.5 -1157
1158    112   -1.07 -1158
1159    112   -1.07 -1159
1160    82    -11.5 -1160
1161    112   -1.07 -1161
1162    112   -1.07 -1162
1163    82    -11.5 -1163
1164    82    -11.5 -1164
1165    112   -1.07 -1165
1166    82    -11.5 -1166
1167    82    -11.5 -1167
1168    82    -11.5 -1168
1169    112   -1.07 -1169
1170    112   -1.07 -1170
1171    82    -11.5 -1171
1172    112   -1.07 -1172
1173    82    -11.5 -1173
1174    82    -11.5 -1174
1175    82    -11.5 -1175
1176    112   -1.07 -1176
1177    112   -1.07 -1177
1178    82    -11.5 -1178
1179    82    -11.5 -1179
1180    82    -11.5 -1180
1181    82    -11.5 -1181
1182    82    -11.5 -1182
1183    82    -11.5 -1183
1184    82    -11.5 -1184
1185    82    -11.5 -1185
1186    82    -11.5 -1186
1187    112   -1.07 -1187
1188    112   -1.07 -1188
1189    82    -11.5 -1189
1190    82    -11.5 -1190
1191    112   -1.07 -1191
1192    82    -11.5 -1192
1193    112   -1.07 -1193
1194    112   -1.07 -1194
1195    82    -11.5 -1195
1196    112   -1.07 -1196
1197    82    -11.5 -1197
1198    82    -11.5 -1198
1199    82    -11.5 -1199
1200    82    -11.5 -1200
1201    112   -1.07 -1201
1202    82    -11.5 -1202
1203    82    -11.5 -1203
1204    82    -11.5 -1204
1205    82    -11.5 -1205
1206    82    -11.5 -1206
1207    82    -11.5 -1207
1208    112   -1.07 -1208
1209    82    -11.5 -1209
1210    112   -1.07 -1210
1211    112   -1.07 -1211
1212    112   -1.07 -1212
1213    112   -1.07 -1213
1214    82    -11.5 -1214
1215    112   -1.07 -1215
1216    82    -11.5 -1216
1217    112   -1.07 -1217
1218    82    -11.5 -1218
1219    112   -1.07 -1219
1220    82    -11.5 -1220
1221    112   -1.07 -1221
1222    112   -1.07 -1222
1223    112   -1.07 -1223
1224    112   -1.07 -1224
1225    112   -1.07 -1225
1226    82    -11.5 -1226
1227    82    -11.5 -1227
1228    82    -11.5 -1228
1229    82    -11.5 -1229
1230    112   -1.07 -1230
1231    82    -11.5 -1231
1232    112   -1.07 -1232
1233    82    -11.5 -1233
1234    112   -1.07 -1234
1235    82    -11.5 -1235
1236    82    -11.5 -1236
1237    82    -11.5 -1237
1238    82    -11.5 -1238
1239    112   -1.07 -1239
1240    82    -11.5 -1240
1241    82    -11.5 -1241
1242    82    -11.5 -1242
1243    112   -1.07 -1243
1244    82    -11.5 -1244
1245    112   -1.07 -1245
1246    112   -1.07 -1246
1247    82    -11.5 -1247
1248    112   -1.07 -1248
1249    112   -1.07 -1249
1250    112   -1.07 -1250
1251    82    -11.5 -1251
1252    112   -1.07 -1252
1253    82    -11.5 -1253
1254    82    -11.5 -1254
1255    82    -11.5 -1255
1256    82    -11.5 -1256
1257    112   -1.07 -1257
1258    82    -11.5 -1258
1259    112   -1.07 -1259
1260    82    -11.5 -1260
1261    112   -1.07 -1261
1262    82    -11.5 -1262
1263    82    -11.5 -1263
1264    112   -1.07 -1264
1265    82    -11.5 -1265
1266    112   -1.07 -1266
1267    82    -11.5 -1267
1268    112   -1.07 -1268
1269    112   -1.07 -1269
1270    112   -1.07 -1270
1271    82    -11.5 -1271
1272    82    -11.5 -1272
1273    112   -1.07 -1273
1274    82    -11.5 -1274
1275    82    -11.5 -1275
1276    82    -11.5 -1276
1277    112   -1.07 -1277
1278    112   -1.07 -1278
1279    82    -11.5 -1279
1280    112   -1.07 -1280
1281    112   -1.07 -1281
1282    82    -11.5 -1282
1283    112   -1.07 -1283
1284    82    -11.5 -1284
1285    112   -1.07 -1285
1286    112   -1.07 -1286
1287    82    -11.5 -1287
1288    82    -11.5 -1288
1289    112   -1.07 -1289
1290    112   -1.07 -1290
1291    82    -11.5 -1291
1292    112   -1.07 -1292
1293    82    -11.5 -1293
1294    112   -1.07 -1294
1295    82    -11.5 -1295
1296    82    -11.5 -1296
1297    112   -1.07 -1297
1298    112   -1.07 -1298
1299    112   -1.07 -1299
1300    112   -1.07 -1300
1301    112   -1.07 -1301
1302    112   -1.07 -1302
1303    82    -11.5 -1303
1304    82    -11.5 -1304
1305    82    -11.5 -1305
1306    112   -1.07 -1306
1307    82    -11.5 -1307
1308    82    -11.5 -1308
1309    82    -11.5 -1309
1310    82    -11.5 -1310
1311    82    -11.5 -1311
1312    112   -1.07 -1312
1313    82    -11.5 -1313
1314    82    -11.5 -1314
1315    82    -11.5 -1315
1316    112   -1.07 -1316
1317    112   -1.07 -1317
1318    82    -11.5 -1318
1319    82    -11.5 -1319
1320    82    -11.5 -1320
1321    82    -11.5 -1321
1322    82    -11.5 -1322
1323    112   -1.07 -1323
1324    82    -11.5 -1324
1325    112   -1.07 -1325
1326    112   -1.07 -1326
1327    82    -11.5 -1327
1328    112   -1.07 -1328
1329    112   -1.07 -1329
1330    112   -1.07 -1330
1331    82    -11.5 -1331
1332    112   -1.07 -1332
1333    112   -1.07 -1333
1334    82    -11.5 -1334
1335    82    -11.5 -1335
1336    82    -11.5 -1336
1337    82    -11.5 -1337
1338    82    -11.5 -1338
1339    82    -11.5 -1339
1340    82    -11.5 -1340
1341    82    -11.5 -1341
1342    82    -11.5 -1342
1343    82    -11.5 -1343
1344    82    -11.5 -1344
1345    112   -1.07 -1345
2001    82    -11.5 -2001
2002    112   -1.07 -2002
2003    112   -1.07 -2003
2004    82    -11.5 -2004
2005    112   -1.07 -2005
2006    82    -11.5 -2006
2007    82    -11.5 -2007
2008    82    -11.5 -2008
2009    82    -11.5 -2009
2010    82    -11.5 -2010
2011    112   -1.07 -2011
2012    112   -1.07 -2012
2013    112   -1.07 -2013
2014    82    -11.5 -2014
2015    112   -1.07 -2015
2016    82    -11.5 -2016
2017    112   -1.07 -2017
2018    112   -1.07 -2018
2019    112   -1.07 -2019
2020    112   -1.07 -2020
2021    82    -11.5 -2021
2022    82    -11.5 -2022
2023    112   -1.07 -2023
2024    82    -11.5 -2024
2025    82    -11.5 -2025
2026    112   -1.07 -2026
2027    82    -11.5 -2027
2028    82    -11.5 -2028
2029    82    -11.5 -2029
2030    112   -1.07 -2030
2031    112   -1.07 -2031
2032    112   -1.07 -2032
2033    82    -11.5 -2033
2034    82    -11.5 -2034
2035    82    -11.5 -2035
2036    82    -11.5 -2036
2037    82    -11.5 -2037
2038    112   -1.07 -2038
2039    82    -11.5 -2039
2040    82    -11.5 -2040
2041    112   -1.07 -2041
2042    112   -1.07 -2042
2043    82    -11.5 -2043
2044    82    -11.5 -2044
2045    82    -11.5 -2045
2046    112   -1.07 -2046
2047    82    -11.5 -2047
2048    82    -11.5 -2048
2049    112   -1.07 -2049
2050    112   -1.07 -2050
2051    112   -1.07 -2051
2052    112   -1.07 -2052
2053    112   -1.07 -2053
2054    112   -1.07 -2054
2055    112   -1.07 -2055
2056    112   -1.07 -2056
2057    82    -11.5 -2057
2058    82    -11.5 -2058
2059    82    -11.5 -2059
2060    112   -1.07 -2060
2061    82    -11.5 -2061
2062    112   -1.07 -2062
2063    82    -11.5 -2063
2064    82    -11.5 -2064
2065    112   -1.07 -2065
2066    82    -11.5 -2066
2067    112   -1.07 -2067
2068    82    -11.5 -2068
2069    112   -1.07 -2069
2070    112   -1.07 -2070
2071    82    -11.5 -2071
2072    82    -11.5 -2072
2073    82    -11.5 -2073
2074    82    -11.5 -2074
2075    82    -11.5 -2075
2076    82    -11.5 -2076
2077    82    -11.5 -2077
2078    112   -1.07 -2078
2079    82    -11.5 -2079
2080    112   -1.07 -2080
2081    82    -11.5 -2081
2082    112   -1.07 -2082
2083    82    -11.5 -2083
2084    112   -1.07 -2084
2085    112   -1.07 -2085
2086    82    -11.5 -2086
2087    82    -11.5 -2087
2088    112   -1.07 -2088
2089    112   -1.07 -2089
2090    112   -1.07 -2090
2091    112   -1.07 -2091
2092    82    -11.5 -2092
2093    112   -1.07 -2093
2094    112   -1.07 -2094
2095    112   -1.07 -2095
2096    82    -11.5 -2096
2097    112   -1.07 -2097
2098    82    -11.5 -2098
2099    112   -1.07 -2099
2100    112   -1.07 -2100
2101    112   -1.07 -2101
2102    112   -1.07 -2102
2103    112   -1.07 -2103
2104    112   -1.07 -2104
2105    112   -1.07 -2105
2106    112   -1.07 -2106
2107    82    -11.5 -2107
2108    112   -1.07 -2108
2109    112   -1.07 -2109
2110    82    -11.5 -2110
2111    112   -1.07 -2111
2112    82    -11.5 -2112
2113    82    -11.5 -2113
2114    82    -11.5 -2114
2115    82    -11.5 -2115
2116    82    -11.5 -2116
2117    82    -11.5 -2117
2118    82    -11.5 -2118
2119    112   -1.07 -2119
2120    112   -1.07 -2120
2121    82    -11.5 -2121
2122    112   -1.07 -2122
2123    112   -1.07 -2123
2124    112   -1.07 -2124
2125    112   -1.07 -2125
2126    82    -11.5 -2126
2127    112   -1.07 -2127
2128    112   -1.07 -2128
2129    82    -11.5 -2129
2130    112   -1.07 -2130
2131    82    -11.5 -2131
2132    112   -1.07 -2132
2133    82    -11.5 -2133
2134    112   -1.07 -2134
2135    82    -11.5 -2135
2136    112   -1.07 -2136
2137    82    -11.5 -2137
2138    112   -1.07 -2138
2139    82    -11.5 -2139
2140    82    -11.5 -2140
2141    82    -11.5 -2141
2142    112   -1.07 -2142
2143    82    -11.5 -2143
2144    82    -11.5 -2144
2145    112   -1.07 -2145
2146    82    -11.5 -2146
2147    112   -1.07 -2147
2148    112   -1.07 -2148
2149    82    -11.5 -2149
2150    112   -1.07 -2150
2151    82    -11.5 -2151
2152    112   -1.07 -2152
2153    112   -1.07 -2153
2154    82    -11.5 -2154
2155    112   -1.07 -2155
2156    112   -1.07 -2156
2157    82    -11.5 -2157
2158    112   -1.07 -2158
2159    112   -1.07 -2159
2160    82    -11.5 -2160
2161    82    -11.5 -2161
2162    82    -11.5 -2162
2163    112   -1.07 -2163
2164    82    -11.5 -2164
2165    82    -11.5 -2165
2166    112   -1.07 -2166
2167    82    -11.5 -2167
2168    112   -1.07 -2168
2169    82    -11.5 -2169
2170    112   -1.07 -2170
2171    82    -11.5 -2171
2172    112   -1.07 -2172
2173    82    -11.5 -2173
2174    82    -11.5 -2174
2175    112   -1.07 -2175
2176    112   -1.07 -2176
2177    112   -1.07 -2177
2178    112   -1.07 -2178
2179    112   -1.07 -2179
2180    82    -11.5 -2180
2181    112   -1.07 -2181
2182    82    -11.5 -2182
2183    112   -1.07 -2183
2184    112   -1.07 -2184
2185    112   -1.07 -2185
2186    112   -1.07 -2186
2187    82    -11.5 -2187
2188    82    -11.5 -2188
2189    112   -1.07 -2189
2190    82    -11.5 -2190
2191    112   -1.07 -2191
2192    82    -11.5 -2192
2193    112   -1.07 -2193
2194    112   -1.07 -2194
2195    112   -1.07 -2195
2196    112   -1.07 -2196
2197    82    -11.5 -2197
2198    112   -1.07 -2198
2199    112   -1.07 -2199
2200    112   -1.07 -2200
2201    112   -1.07 -2201
2202    112   -1.07 -2202
2203    82    -11.5 -2203
2204    82    -11.5 -2204
2205    82    -11.5 -2205
2206    112   -1.07 -2206
2207    82    -11.5 -2207
2208    112   -1.07 -2208
2209    82    -11.5 -2209
2210    82    -11.5 -2210
2211    82    -11.5 -2211
2212    82    -11.5 -2212
2213    82    -11.5 -2213
2214    82    -11.5 -2214
2215    82    -11.5 -2215
2216    82    -11.5 -2216
2217    82    -11.5 -2217
2218    82    -11.5 -2218
2219    112   -1.07 -2219
2220    82    -11.5 -2220
2221    112   -1.07 -2221
2222    82    -11.5 -2222
2223    112   -1.07 -2223
2224    82    -11.5 -2224
2225    112   -1.07 -2225
2226    82    -11.5 -2226
2227    112   -1.07 -2227
2228    82    -11.5 -2228
2229    82    -11.5 -2229
2230    82    -11.5 -2230
2231    112   -1.07 -2231
2232    82    -11.5 -2232
2233    82    -11.5 -2233
2234    112   -1.07 -2234
2235    82    -11.5 -2235
2236    112   -1.07 -2236
2237    82    -11.5 -2237
2238    82    -11.5 -2238
2239    82    -11.5 -2239
2240    112   -1.07 -2240
2241    82    -11.5 -2241
2242    112   -1.07 -2242
2243    82    -11.5 -2243
2244    82    -11.5 -2244
2245    112   -1.07 -2245
2246    112   -1.07 -2246
2247    112   -1.07 -2247
2248    112   -1.07 -2248
2249    112   -1.07 -2249
2250    112   -1.07 -2250
2251    112   -1.07 -2251
2252    82    -11.5 -2252
2253    112   -1.07 -2253
2254    82    -11.5 -2254
2255    112   -1.07 -2255
2256    82    -11.5 -2256
2257    82    -11.5 -2257
2258    112   -1.07 -2258
2259    112   -1.07 -2259
2260    112   -1.07 -2260
2261    82    -11.5 -2261
2262    112   -1.07 -2262
2263    112   -1.07 -2263
2264    82    -11.5 -2264
2265    82    -11.5 -2265
2266    82    -11.5 -2266
2267    82    -11.5 -2267
2268    82    -11.5 -2268
2269    82    -11.5 -2269
2270    112   -1.07 -2270
2271    82    -11.5 -2271
2272    82    -11.5 -2272
2273    112   -1.07 -2273
2274    82    -11.5 -2274
2275    112   -1.07 -2275
2276    82    -11.5 -2276
2277    82    -11.5 -2277
2278    112   -1.07 -2278
2279    82    -11.5 -2279
2280    112   -1.07 -2280
2281    112   -1.07 -2281
2282    82    -11.5 -2282
2283    112   -1.07 -2283
2284    82    -11.5 -2284
2285    82    -11.5 -2285
2286    82    -11.5 -2286
2287    82    -11.5 -2287
2288    112   -1.07 -2288
2289    82    -11.5 -2289
2290    112   -1.07 -2290
2291    82    -11.5 -2291
2292    82    -11.5 -2292
2293    112   -1.07 -2293
2294    82    -11.5 -2294
2295    112   -1.07 -2295
2296    112   -1.07 -2296
2297    82    -11.5 -2297
2298    112   -1.07 -2298
2299    112   -1.07 -2299
2300    82    -11.5 -2300
2301    112   -1.07 -2301
2302    112   -1.07 -2302
2303    112   -1.07 -2303
2304    112   -1.07 -2304
2305    112   -1.07 -2305
2306    82    -11.5 -2306
2307    112   -1.07 -2307
2308    82    -11.5 -2308
2309    112   -1.07 -2309
2310    82    -11.5 -2310
2311    82    -11.5 -2311
2312    82    -11.5 -2312
2313    82    -11.5 -2313
2314    112   -1.07 -2314
2315    82    -11.5 -2315
2316    112   -1.07 -2316
2317    112   -1.07 -2317
2318    112   -1.07 -2318
2319    82    -11.5 -2319
2320    112   -1.07 -2320
2321    82    -11.5 -2321
2322    112   -1.07 -2322
2323    112   -1.07 -2323
2324    82    -11.5 -2324
2325    112   -1.07 -2325
2326    82    -11.5 -2326
2327    82    -11.5 -2327
2328    82    -11.5 -2328
2329    112   -1.07 -2329
2330    82    -11.5 -2330
2331    82    -11.5 -2331
2332    112   -1.07 -2332
2333    82    -11.5 -2333
2334    82    -11.5 -2334
2335    82    -11.5 -2335
2336    82    -11.5 -2336
2337    82    -11.5 -2337
2338    112   -1.07 -2338
2339    82    -11.5 -2339
2340    82    -11.5 -2340
2341    112   -1.07 -2341
2342    82    -11.5 -2342
2343    112   -1.07 -2343
2344    112   -1.07 -2344
2345    82    -11.5 -2345
2346    82    -11.5 -2346
2347    82    -11.5 -2347
2348    82    -11.5 -2348
2349    112   -1.07 -2349
2350    82    -11.5 -2350
2351    82    -11.5 -2351
2352    112   -1.07 -2352
2353    112   -1.07 -2353
2354    112   -1.07 -2354
2355    112   -1.07 -2355
2356    82    -11.5 -2356
2357    82    -11.5 -2357
2358    82    -11.5 -2358
2359    82    -11.5 -2359
2360    82    -11.5 -2360
2361    112   -1.07 -2361
2362    112   -1.07 -2362
2363    82    -11.5 -2363
2364    112   -1.07 -2364
2365    112   -1.07 -2365
2366    112   -1.07 -2366
2367    82    -11.5 -2367
2368    112   -1.07 -2368
2369    112   -1.07 -2369
2370    82    -11.5 -2370
2371    112   -1.07 -2371
2372    112   -1.07 -2372
2373    112   -1.07 -2373
2374    112   -1.07 -2374
2375    82    -11.5 -2375
2376    112   -1.07 -2376
2377    112   -1.07 -2377
2378    82    -11.5 -2378
2379    82    -11.5 -2379
2380    112   -1.07 -2380
2381    82    -11.5 -2381
2382    82    -11.5 -2382
2383    112   -1.07 -2383
2384    112   -1.07 -2384
2385    112   -1.07 -2385
2386    112   -1.07 -2386
2387    112   -1.07 -2387
2388    82    -11.5 -2388
2389    82    -11.5 -2389
2390    112   -1.07 -2390
2391    112   -1.07 -2391
2392    112   -1.07 -2392
2393    112   -1.07 -2393
2394    112   -1.07 -2394
2395    112   -1.07 -2395
2396    112   -1.07 -2396
2397    112   -1.07 -2397
2398    112   -1.07 -2398
2399    112   -1.07 -2399
2400    112   -1.07 -2400
2401    112   -1.07 -2401
2402    82    -11.5 -2402
2403    82    -11.5 -2403
2404    112   -1.07 -2404
2405    112   -1.07 -2405
2406    112   -1.07 -2406
2407    112   -1.07 -2407
2408    82    -11.5 -2408
2409    82    -11.5 -2409
2410    82    -11.5 -2410
2411    82    -11.5 -2411
2412    82    -11.5 -2412
2413    82    -11.5 -2413
2414    82    -11.5 -2414
2415    82    -11.5 -2415
2416    112   -1.07 -2416
2417    82    -11.5 -2417
2418    82    -11.5 -2418
2419    112   -1.07 -2419
2420    112   -1.07 -2420
2421    82    -11.5 -2421
2422    82    -11.5 -2422
2423    82    -11.5 -2423
2424    112   -1.07 -2424
2425    112   -1.07 -2425
2426    82    -11.5 -2426
2427    82    -11.5 -2427
2428    82    -11.5 -2428
2429    112   -1.07 -2429
2430    82    -11.5 -2430
2431    82    -11.5 -2431
2432    82    -11.5 -2432
2433    82    -11.5 -2433
2434    112   -1.07 -2434
2435    112   -1.07 -2435
2436    82    -11.5 -2436
2437    82    -11.5 -2437
2438    112   -1.07 -2438
2439    112   -1.07 -2439
2440    82    -11.5 -2440
2441    112   -1.07 -2441
2442    82    -11.5 -2442
2443    82    -11.5 -2443
2444    112   -1.07 -2444
2445    82    -11.5 -2445
2446    112   -1.07 -2446
2447    112   -1.07 -2447
2448    82    -11.5 -2448
2449    82    -11.5 -2449
2450    112   -1.07 -2450
2451    82    -11.5 -2451
2452    112   -1.07 -2452
2453    82    -11.5 -2453
2454    82    -11.5 -2454
2455    112   -1.07 -2455
2456    112   -1.07 -2456
2457    82    -11.5 -2457
2458    82    -11.5 -2458
2459    112   -1.07 -2459
2460    112   -1.07 -2460
2461    112   -1.07 -2461
2462    112   -1.07 -2462
2463    112   -1.07 -2463
2464    112   -1.07 -2464
2465    82    -11.5 -2465
3001    112   -1.07 -3001
3002    112   -1.07 -3002
3003    82    -11.5 -3003
3004    112   -1.07 -3004
3005    82    -11.5 -3005
3006    112   -1.07 -3006
3007    112   -1.07 -3007
3008    82    -11.5 -3008
3009    82    -11.5 -3009
3010    112   -1.07 -3010
3011    112   -1.07 -3011
3012    112   -1.07 -3012
3013    82    -11.5 -3013
3014    112   -1.07 -3014
3015    82    -11.5 -3015
3016    82    -11.5 -3016
3017    82    -11.5 -3017
3018    82    -11.5 -3018
3019    82    -11.5 -3019
3020    82    -11.5 -3020
3021    112   -1.07 -3021
3022    112   -1.07 -3022
3023    82    -11.5 -3023
3024    112   -1.07 -3024
3025    82    -11.5 -3025
3026    112   -1.07 -3026
3027    112   -1.07 -3027
3028    112   -1.07 -3028
3029    82    -11.5 -3029
3030    112   -1.07 -3030
3031    82    -11.5 -3031
3032    112   -1.07 -3032
3033    112   -1.07 -3033
3034    112   -1.07 -3034
3035    82    -11.5 -3035
3036    82    -11.5 -3036
3037    82    -11.5 -3037
3038    112   -1.07 -3038
3039    82    -11.5 -3039
3040    82    -11.5 -3040
3041    112   -1.07 -3041
3042    112   -1.07 -3042
3043    112   -1.07 -3043
3044    82    -11.5 -3044
3045    112   -1.07 -3045
3046    112   -1.07 -3046
3047    112   -1.07 -3047
3048    112   -1.07 -3048
3049    82    -11.5 -3049
3050    112   -1.07 -3050
3051    112   -1.07 -3051
3052    82    -11.5 -3052
3053    112   -1.07 -3053
3054    112   -1.07 -3054
3055    112   -1.07 -3055
3056    112   -1.07 -3056
3057    82    -11.5 -3057
3058    112   -1.07 -3058
3059    112   -1.07 -3059
3060    112   -1.07 -3060
3061    82    -11.5 -3061
3062    112   -1.07 -3062
3063    82    -11.5 -3063
3064    112   -1.07 -3064
3065    112   -1.07 -3065
3066    82    -11.5 -3066
3067    82    -11.5 -3067
3068    112   -1.07 -3068
3069    112   -1.07 -3069
3070    112   -1.07 -3070
3071    112   -1.07 -3071
3072    82    -11.5 -3072
3073    82    -11.5 -3073
3074    82    -11.5 -3074
3075    112   -1.07 -3075
3076    112   -1.07 -3076
3077    82    -11.5 -3077
3078    112   -1.07 -3078
3079    112   -1.07 -3079
3080    112   -1.07 -3080
3081    82    -11.5 -3081
3082    82    -11.5 -3082
3083    82    -11.5 -3083
3084    112   -1.07 -3084
3085    82    -11.5 -3085
3086    112   -1.07 -3086
3087    82    -11.5 -3087
3088    82    -11.5 -3088
3089    112   -1.07 -3089
3090    82    -11.5 -3090
3091    112   -1.07 -3091
3092    112   -1.07 -3092
3093    82    -11.5 -3093
3094    82    -11.5 -3094
3095    82    -11.5 -3095
3096    82    -11.5 -3096
3097    112   -1.07 -3097
3098    82    -11.5 -3098
3099    112   -1.07 -3099
3100    82    -11.5 -3100
3101    82    -11.5 -3101
3102    112   -1.07 -3102
3103    82    -11.5 -3103
3104    82    -11.5 -3104
3105    112   -1.07 -3105
3106    112   -1.07 -3106
3107    82    -11.5 -3107
3108    112   -1.07 -3108
3109    82    -11.5 -3109
3110    112   -1.07 -3110
3111    82    -11.5 -3111
3112    82    -11.5 -3112
3113    112   -1.07 -3113
3114    112   -1.07 -3114
3115    112   -1.07 -3115
3116    82    -11.5 -3116
3117    112   -1.07 -3117
3118    112   -1.07 -3118
3119    82    -11.5 -3119
3120    82    -11.5 -3120
3121    112   -1.07 -3121
3122    82    -11.5 -3122
3123    82    -11.5 -3123
3124    82    -11.5 -3124
3125    82    -11.5 -3125
3126    82    -11.5 -3126
3127    82    -11.5 -3127
3128    82    -11.5 -3128
3129    82    -11.5 -3129
3130    112   -1.07 -3130
3131    82    -11.5 -3131
3132    82    -11.5 -3132
3133    112   -1.07 -3133
3134    82    -11.5 -3134
3135    82    -11.5 -3135
3136    112   -1.07 -3136
3137    112   -1.07 -3137
3138    112   -1.07 -3138
3139    112   -1.07 -3139
3140    82    -11.5 -3140
3141    82    -11.5 -3141
3142    82    -11.5 -3142
3143    112   -1.07 -3143
3144    112   -1.07 -3144
3145    82    -11.5 -3145
3146    82    -11.5 -3146
3147    82    -11.5 -3147
3148    82    -11.5 -3148
3149    112   -1.07 -3149
3150    82    -11.5 -3150
3151    82    -11.5 -3151
3152    82    -11.5 -3152
3153    112   -1.07 -3153
3154    82    -11.5 -3154
3155    82    -11.5 -3155
3156    82    -11.5 -3156
3157    112   -1.07 -3157
3158    82    -11.5 -3158
3159    112   -1.07 -3159
3160    112   -1.07 -3160
3161    112   -1.07 -3161
3162    112   -1.07 -3162
3163    112   -1.07 -3163
3164    82    -11.5 -3164
3165    112   -1.07 -3165
3166    112   -1.07 -3166
3167    112   -1.07 -3167
3168    112   -1.07 -3168
3169    82    -11.5 -3169
3170    82    -11.5 -3170
3171    112   -1.07 -3171
3172    112   -1.07 -3172
3173    112   -1.07 -3173
3174    112   -1.07 -3174
3175    82    -11.5 -3175
3176    112   -1.07 -3176
3177    112   -1.07 -3177
3178    112   -1.07 -3178
3179    82    -11.5 -3179
3180    82    -11.5 -3180
3181    112   -1.07 -3181
3182    112   -1.07 -3182
3183    112   -1.07 -3183
3184    112   -1.07 -3184
3185    82    -11.5 -3185
3186    112   -1.07 -3186
3187    82    -11.5 -3187
3188    82    -11.5 -3188
3189    112   -1.07 -3189
3190    82    -11.5 -3190
3191    112   -1.07 -3191
3192    82    -11.5 -3192
3193    82    -11.5 -3193
3194    82    -11.5 -3194
3195    82    -11.5 -3195
3196    82    -11.5 -3196
3197    82    -11.5 -3197
3198    112   -1.07 -3198
3199    82    -11.5 -3199
3200    82    -11.5 -3200
3201    112   -1.07 -3201
3202    112   -1.07 -3202
3203    112   -1.07 -3203
3204    82    -11.5 -3204
3205    112   -1.07 -3205
3206    112   -1.07 -3206
3207    82    -11.5 -3207
3208    82    -11.5 -3208
3209    112   -1.07 -3209
3210    112   -1.07 -3210
3211    112   -1.07 -3211
3212    82    -11.5 -3212
3213    112   -1.07 -3213
3214    82    -11.5 -3214
3215    112   -1.07 -3215
3216    82    -11.5 -3216
3217    112   -1.07 -3217
3218    112   -1.07 -3218
3219    112   -1.07 -3219
3220    112   -1.07 -3220
3221    82    -11.5 -3221
3222    112   -1.07 -3222
3223    82    -11.5 -3223
3224    112   -1.07 -3224
3225    82    -11.5 -3225
3226    82    -11.5 -3226
3227    112   -1.07 -3227
3228    112   -1.07 -3228
3229    82    -11.5 -3229
3230    82    -11.5 -3230
3231    82    -11.5 -3231
3232    112   -1.07 -3232
3233    82    -11.5 -3233
3234    112   -1.07 -3234
3235    112   -1.07 -3235
3236    112   -1.07 -3236
3237    82    -11.5 -3237
3238    112   -1.07 -3238
3239    112   -1.07 -3239
3240    112   -1.07 -3240
3241    82    -11.5 -3241
3242    112   -1.07 -3242
3243    82    -11.5 -3243    

c =============== SURFACE CARDS ===============
c
c 5555    rcc   0 0 15.5    0 0 1.0  4.0   $Abosrber at Top of Mask
4444    rcc   0 0 -15.8    0 0 -1.0  11.2   $Abosrber at Bottom of Mask
6666    s     0 0 0       200             $Universe
7777    rcc   0 0 -14.1   0 0 28.2 4.0    $Detector
8001    rcc   0 0 -15.0   0 0 30   6.4    $Outside of SHELL 1
8002    rcc   0 0 -15.1   0 0 30.2 8.8    $Outside of SHELL 2
8003    rcc   0 0 -15.2   0 0 30.4 11.2   $Outside of SHELL 3
8004    rcc   0 0 -15.3   0 0 32.6 11.21   $top layer 1
8005    rcc   0 0 -15.4   0 0 34.7 11.22   $top layer 2
8006    rcc   0 0 -15.5   0 0 36.9 11.23   $top layer 3
c ** SHELL SURFACE
1   rcc   5.2 0.0 -15   0 0 2   1.0
2   rcc   4.8 1.99 -15   0 0 2   1.0
3   rcc   3.68 3.68 -15   0 0 2   1.0
4   rcc   1.99 4.8 -15   0 0 2   1.0
5   rcc   0.0 5.2 -15   0 0 2   1.0
6   rcc   -1.99 4.8 -15   0 0 2   1.0
7   rcc   -3.68 3.68 -15   0 0 2   1.0
8   rcc   -4.8 1.99 -15   0 0 2   1.0
9   rcc   -5.2 0.0 -15   0 0 2   1.0
10   rcc   -4.8 -1.99 -15   0 0 2   1.0
11   rcc   -3.68 -3.68 -15   0 0 2   1.0
12   rcc   -1.99 -4.8 -15   0 0 2   1.0
13   rcc   -0.0 -5.2 -15   0 0 2   1.0
14   rcc   1.99 -4.8 -15   0 0 2   1.0
15   rcc   3.68 -3.68 -15   0 0 2   1.0
16   rcc   4.8 -1.99 -15   0 0 2   1.0
17   rcc   5.2 0.0 -13   0 0 2   1.0
18   rcc   4.8 1.99 -13   0 0 2   1.0
19   rcc   3.68 3.68 -13   0 0 2   1.0
20   rcc   1.99 4.8 -13   0 0 2   1.0
21   rcc   0.0 5.2 -13   0 0 2   1.0
22   rcc   -1.99 4.8 -13   0 0 2   1.0
23   rcc   -3.68 3.68 -13   0 0 2   1.0
24   rcc   -4.8 1.99 -13   0 0 2   1.0
25   rcc   -5.2 0.0 -13   0 0 2   1.0
26   rcc   -4.8 -1.99 -13   0 0 2   1.0
27   rcc   -3.68 -3.68 -13   0 0 2   1.0
28   rcc   -1.99 -4.8 -13   0 0 2   1.0
29   rcc   -0.0 -5.2 -13   0 0 2   1.0
30   rcc   1.99 -4.8 -13   0 0 2   1.0
31   rcc   3.68 -3.68 -13   0 0 2   1.0
32   rcc   4.8 -1.99 -13   0 0 2   1.0
33   rcc   5.2 0.0 -11   0 0 2   1.0
34   rcc   4.8 1.99 -11   0 0 2   1.0
35   rcc   3.68 3.68 -11   0 0 2   1.0
36   rcc   1.99 4.8 -11   0 0 2   1.0
37   rcc   0.0 5.2 -11   0 0 2   1.0
38   rcc   -1.99 4.8 -11   0 0 2   1.0
39   rcc   -3.68 3.68 -11   0 0 2   1.0
40   rcc   -4.8 1.99 -11   0 0 2   1.0
41   rcc   -5.2 0.0 -11   0 0 2   1.0
42   rcc   -4.8 -1.99 -11   0 0 2   1.0
43   rcc   -3.68 -3.68 -11   0 0 2   1.0
44   rcc   -1.99 -4.8 -11   0 0 2   1.0
45   rcc   -0.0 -5.2 -11   0 0 2   1.0
46   rcc   1.99 -4.8 -11   0 0 2   1.0
47   rcc   3.68 -3.68 -11   0 0 2   1.0
48   rcc   4.8 -1.99 -11   0 0 2   1.0
49   rcc   5.2 0.0 -9   0 0 2   1.0
50   rcc   4.8 1.99 -9   0 0 2   1.0
51   rcc   3.68 3.68 -9   0 0 2   1.0
52   rcc   1.99 4.8 -9   0 0 2   1.0
53   rcc   0.0 5.2 -9   0 0 2   1.0
54   rcc   -1.99 4.8 -9   0 0 2   1.0
55   rcc   -3.68 3.68 -9   0 0 2   1.0
56   rcc   -4.8 1.99 -9   0 0 2   1.0
57   rcc   -5.2 0.0 -9   0 0 2   1.0
58   rcc   -4.8 -1.99 -9   0 0 2   1.0
59   rcc   -3.68 -3.68 -9   0 0 2   1.0
60   rcc   -1.99 -4.8 -9   0 0 2   1.0
61   rcc   -0.0 -5.2 -9   0 0 2   1.0
62   rcc   1.99 -4.8 -9   0 0 2   1.0
63   rcc   3.68 -3.68 -9   0 0 2   1.0
64   rcc   4.8 -1.99 -9   0 0 2   1.0
65   rcc   5.2 0.0 -7   0 0 2   1.0
66   rcc   4.8 1.99 -7   0 0 2   1.0
67   rcc   3.68 3.68 -7   0 0 2   1.0
68   rcc   1.99 4.8 -7   0 0 2   1.0
69   rcc   0.0 5.2 -7   0 0 2   1.0
70   rcc   -1.99 4.8 -7   0 0 2   1.0
71   rcc   -3.68 3.68 -7   0 0 2   1.0
72   rcc   -4.8 1.99 -7   0 0 2   1.0
73   rcc   -5.2 0.0 -7   0 0 2   1.0
74   rcc   -4.8 -1.99 -7   0 0 2   1.0
75   rcc   -3.68 -3.68 -7   0 0 2   1.0
76   rcc   -1.99 -4.8 -7   0 0 2   1.0
77   rcc   -0.0 -5.2 -7   0 0 2   1.0
78   rcc   1.99 -4.8 -7   0 0 2   1.0
79   rcc   3.68 -3.68 -7   0 0 2   1.0
80   rcc   4.8 -1.99 -7   0 0 2   1.0
81   rcc   5.2 0.0 -5   0 0 2   1.0
82   rcc   4.8 1.99 -5   0 0 2   1.0
83   rcc   3.68 3.68 -5   0 0 2   1.0
84   rcc   1.99 4.8 -5   0 0 2   1.0
85   rcc   0.0 5.2 -5   0 0 2   1.0
86   rcc   -1.99 4.8 -5   0 0 2   1.0
87   rcc   -3.68 3.68 -5   0 0 2   1.0
88   rcc   -4.8 1.99 -5   0 0 2   1.0
89   rcc   -5.2 0.0 -5   0 0 2   1.0
90   rcc   -4.8 -1.99 -5   0 0 2   1.0
91   rcc   -3.68 -3.68 -5   0 0 2   1.0
92   rcc   -1.99 -4.8 -5   0 0 2   1.0
93   rcc   -0.0 -5.2 -5   0 0 2   1.0
94   rcc   1.99 -4.8 -5   0 0 2   1.0
95   rcc   3.68 -3.68 -5   0 0 2   1.0
96   rcc   4.8 -1.99 -5   0 0 2   1.0
97   rcc   5.2 0.0 -3   0 0 2   1.0
98   rcc   4.8 1.99 -3   0 0 2   1.0
99   rcc   3.68 3.68 -3   0 0 2   1.0
100   rcc   1.99 4.8 -3   0 0 2   1.0
101   rcc   0.0 5.2 -3   0 0 2   1.0
102   rcc   -1.99 4.8 -3   0 0 2   1.0
103   rcc   -3.68 3.68 -3   0 0 2   1.0
104   rcc   -4.8 1.99 -3   0 0 2   1.0
105   rcc   -5.2 0.0 -3   0 0 2   1.0
106   rcc   -4.8 -1.99 -3   0 0 2   1.0
107   rcc   -3.68 -3.68 -3   0 0 2   1.0
108   rcc   -1.99 -4.8 -3   0 0 2   1.0
109   rcc   -0.0 -5.2 -3   0 0 2   1.0
110   rcc   1.99 -4.8 -3   0 0 2   1.0
111   rcc   3.68 -3.68 -3   0 0 2   1.0
112   rcc   4.8 -1.99 -3   0 0 2   1.0
113   rcc   5.2 0.0 -1   0 0 2   1.0
114   rcc   4.8 1.99 -1   0 0 2   1.0
115   rcc   3.68 3.68 -1   0 0 2   1.0
116   rcc   1.99 4.8 -1   0 0 2   1.0
117   rcc   0.0 5.2 -1   0 0 2   1.0
118   rcc   -1.99 4.8 -1   0 0 2   1.0
119   rcc   -3.68 3.68 -1   0 0 2   1.0
120   rcc   -4.8 1.99 -1   0 0 2   1.0
121   rcc   -5.2 0.0 -1   0 0 2   1.0
122   rcc   -4.8 -1.99 -1   0 0 2   1.0
123   rcc   -3.68 -3.68 -1   0 0 2   1.0
124   rcc   -1.99 -4.8 -1   0 0 2   1.0
125   rcc   -0.0 -5.2 -1   0 0 2   1.0
126   rcc   1.99 -4.8 -1   0 0 2   1.0
127   rcc   3.68 -3.68 -1   0 0 2   1.0
128   rcc   4.8 -1.99 -1   0 0 2   1.0
129   rcc   5.2 0.0 1   0 0 2   1.0
130   rcc   4.8 1.99 1   0 0 2   1.0
131   rcc   3.68 3.68 1   0 0 2   1.0
132   rcc   1.99 4.8 1   0 0 2   1.0
133   rcc   0.0 5.2 1   0 0 2   1.0
134   rcc   -1.99 4.8 1   0 0 2   1.0
135   rcc   -3.68 3.68 1   0 0 2   1.0
136   rcc   -4.8 1.99 1   0 0 2   1.0
137   rcc   -5.2 0.0 1   0 0 2   1.0
138   rcc   -4.8 -1.99 1   0 0 2   1.0
139   rcc   -3.68 -3.68 1   0 0 2   1.0
140   rcc   -1.99 -4.8 1   0 0 2   1.0
141   rcc   -0.0 -5.2 1   0 0 2   1.0
142   rcc   1.99 -4.8 1   0 0 2   1.0
143   rcc   3.68 -3.68 1   0 0 2   1.0
144   rcc   4.8 -1.99 1   0 0 2   1.0
145   rcc   5.2 0.0 3   0 0 2   1.0
146   rcc   4.8 1.99 3   0 0 2   1.0
147   rcc   3.68 3.68 3   0 0 2   1.0
148   rcc   1.99 4.8 3   0 0 2   1.0
149   rcc   0.0 5.2 3   0 0 2   1.0
150   rcc   -1.99 4.8 3   0 0 2   1.0
151   rcc   -3.68 3.68 3   0 0 2   1.0
152   rcc   -4.8 1.99 3   0 0 2   1.0
153   rcc   -5.2 0.0 3   0 0 2   1.0
154   rcc   -4.8 -1.99 3   0 0 2   1.0
155   rcc   -3.68 -3.68 3   0 0 2   1.0
156   rcc   -1.99 -4.8 3   0 0 2   1.0
157   rcc   -0.0 -5.2 3   0 0 2   1.0
158   rcc   1.99 -4.8 3   0 0 2   1.0
159   rcc   3.68 -3.68 3   0 0 2   1.0
160   rcc   4.8 -1.99 3   0 0 2   1.0
161   rcc   5.2 0.0 5   0 0 2   1.0
162   rcc   4.8 1.99 5   0 0 2   1.0
163   rcc   3.68 3.68 5   0 0 2   1.0
164   rcc   1.99 4.8 5   0 0 2   1.0
165   rcc   0.0 5.2 5   0 0 2   1.0
166   rcc   -1.99 4.8 5   0 0 2   1.0
167   rcc   -3.68 3.68 5   0 0 2   1.0
168   rcc   -4.8 1.99 5   0 0 2   1.0
169   rcc   -5.2 0.0 5   0 0 2   1.0
170   rcc   -4.8 -1.99 5   0 0 2   1.0
171   rcc   -3.68 -3.68 5   0 0 2   1.0
172   rcc   -1.99 -4.8 5   0 0 2   1.0
173   rcc   -0.0 -5.2 5   0 0 2   1.0
174   rcc   1.99 -4.8 5   0 0 2   1.0
175   rcc   3.68 -3.68 5   0 0 2   1.0
176   rcc   4.8 -1.99 5   0 0 2   1.0
177   rcc   5.2 0.0 7   0 0 2   1.0
178   rcc   4.8 1.99 7   0 0 2   1.0
179   rcc   3.68 3.68 7   0 0 2   1.0
180   rcc   1.99 4.8 7   0 0 2   1.0
181   rcc   0.0 5.2 7   0 0 2   1.0
182   rcc   -1.99 4.8 7   0 0 2   1.0
183   rcc   -3.68 3.68 7   0 0 2   1.0
184   rcc   -4.8 1.99 7   0 0 2   1.0
185   rcc   -5.2 0.0 7   0 0 2   1.0
186   rcc   -4.8 -1.99 7   0 0 2   1.0
187   rcc   -3.68 -3.68 7   0 0 2   1.0
188   rcc   -1.99 -4.8 7   0 0 2   1.0
189   rcc   -0.0 -5.2 7   0 0 2   1.0
190   rcc   1.99 -4.8 7   0 0 2   1.0
191   rcc   3.68 -3.68 7   0 0 2   1.0
192   rcc   4.8 -1.99 7   0 0 2   1.0
193   rcc   5.2 0.0 9   0 0 2   1.0
194   rcc   4.8 1.99 9   0 0 2   1.0
195   rcc   3.68 3.68 9   0 0 2   1.0
196   rcc   1.99 4.8 9   0 0 2   1.0
197   rcc   0.0 5.2 9   0 0 2   1.0
198   rcc   -1.99 4.8 9   0 0 2   1.0
199   rcc   -3.68 3.68 9   0 0 2   1.0
200   rcc   -4.8 1.99 9   0 0 2   1.0
201   rcc   -5.2 0.0 9   0 0 2   1.0
202   rcc   -4.8 -1.99 9   0 0 2   1.0
203   rcc   -3.68 -3.68 9   0 0 2   1.0
204   rcc   -1.99 -4.8 9   0 0 2   1.0
205   rcc   -0.0 -5.2 9   0 0 2   1.0
206   rcc   1.99 -4.8 9   0 0 2   1.0
207   rcc   3.68 -3.68 9   0 0 2   1.0
208   rcc   4.8 -1.99 9   0 0 2   1.0
209   rcc   5.2 0.0 11   0 0 2   1.0
210   rcc   4.8 1.99 11   0 0 2   1.0
211   rcc   3.68 3.68 11   0 0 2   1.0
212   rcc   1.99 4.8 11   0 0 2   1.0
213   rcc   0.0 5.2 11   0 0 2   1.0
214   rcc   -1.99 4.8 11   0 0 2   1.0
215   rcc   -3.68 3.68 11   0 0 2   1.0
216   rcc   -4.8 1.99 11   0 0 2   1.0
217   rcc   -5.2 0.0 11   0 0 2   1.0
218   rcc   -4.8 -1.99 11   0 0 2   1.0
219   rcc   -3.68 -3.68 11   0 0 2   1.0
220   rcc   -1.99 -4.8 11   0 0 2   1.0
221   rcc   -0.0 -5.2 11   0 0 2   1.0
222   rcc   1.99 -4.8 11   0 0 2   1.0
223   rcc   3.68 -3.68 11   0 0 2   1.0
224   rcc   4.8 -1.99 11   0 0 2   1.0
225   rcc   5.2 0.0 13   0 0 2   1.0
226   rcc   4.8 1.99 13   0 0 2   1.0
227   rcc   3.68 3.68 13   0 0 2   1.0
228   rcc   1.99 4.8 13   0 0 2   1.0
229   rcc   0.0 5.2 13   0 0 2   1.0
230   rcc   -1.99 4.8 13   0 0 2   1.0
231   rcc   -3.68 3.68 13   0 0 2   1.0
232   rcc   -4.8 1.99 13   0 0 2   1.0
233   rcc   -5.2 0.0 13   0 0 2   1.0
234   rcc   -4.8 -1.99 13   0 0 2   1.0
235   rcc   -3.68 -3.68 13   0 0 2   1.0
236   rcc   -1.99 -4.8 13   0 0 2   1.0
237   rcc   -0.0 -5.2 13   0 0 2   1.0
238   rcc   1.99 -4.8 13   0 0 2   1.0
239   rcc   3.68 -3.68 13   0 0 2   1.0
240   rcc   4.8 -1.99 13   0 0 2   1.0
1001   rcc   7.6 0.0 -15   0 0 2   1.0
1002   rcc   7.32 2.05 -15   0 0 2   1.0
1003   rcc   6.49 3.95 -15   0 0 2   1.0
1004   rcc   5.19 5.55 -15   0 0 2   1.0
1005   rcc   3.5 6.75 -15   0 0 2   1.0
1006   rcc   1.55 7.44 -15   0 0 2   1.0
1007   rcc   -0.52 7.58 -15   0 0 2   1.0
1008   rcc   -2.55 7.16 -15   0 0 2   1.0
1009   rcc   -4.38 6.21 -15   0 0 2   1.0
1010   rcc   -5.9 4.8 -15   0 0 2   1.0
1011   rcc   -6.97 3.03 -15   0 0 2   1.0
1012   rcc   -7.53 1.03 -15   0 0 2   1.0
1013   rcc   -7.53 -1.03 -15   0 0 2   1.0
1014   rcc   -6.97 -3.03 -15   0 0 2   1.0
1015   rcc   -5.9 -4.8 -15   0 0 2   1.0
1016   rcc   -4.38 -6.21 -15   0 0 2   1.0
1017   rcc   -2.55 -7.16 -15   0 0 2   1.0
1018   rcc   -0.52 -7.58 -15   0 0 2   1.0
1019   rcc   1.55 -7.44 -15   0 0 2   1.0
1020   rcc   3.5 -6.75 -15   0 0 2   1.0
1021   rcc   5.19 -5.55 -15   0 0 2   1.0
1022   rcc   6.49 -3.95 -15   0 0 2   1.0
1023   rcc   7.32 -2.05 -15   0 0 2   1.0
1024   rcc   7.6 0.0 -13   0 0 2   1.0
1025   rcc   7.32 2.05 -13   0 0 2   1.0
1026   rcc   6.49 3.95 -13   0 0 2   1.0
1027   rcc   5.19 5.55 -13   0 0 2   1.0
1028   rcc   3.5 6.75 -13   0 0 2   1.0
1029   rcc   1.55 7.44 -13   0 0 2   1.0
1030   rcc   -0.52 7.58 -13   0 0 2   1.0
1031   rcc   -2.55 7.16 -13   0 0 2   1.0
1032   rcc   -4.38 6.21 -13   0 0 2   1.0
1033   rcc   -5.9 4.8 -13   0 0 2   1.0
1034   rcc   -6.97 3.03 -13   0 0 2   1.0
1035   rcc   -7.53 1.03 -13   0 0 2   1.0
1036   rcc   -7.53 -1.03 -13   0 0 2   1.0
1037   rcc   -6.97 -3.03 -13   0 0 2   1.0
1038   rcc   -5.9 -4.8 -13   0 0 2   1.0
1039   rcc   -4.38 -6.21 -13   0 0 2   1.0
1040   rcc   -2.55 -7.16 -13   0 0 2   1.0
1041   rcc   -0.52 -7.58 -13   0 0 2   1.0
1042   rcc   1.55 -7.44 -13   0 0 2   1.0
1043   rcc   3.5 -6.75 -13   0 0 2   1.0
1044   rcc   5.19 -5.55 -13   0 0 2   1.0
1045   rcc   6.49 -3.95 -13   0 0 2   1.0
1046   rcc   7.32 -2.05 -13   0 0 2   1.0
1047   rcc   7.6 0.0 -11   0 0 2   1.0
1048   rcc   7.32 2.05 -11   0 0 2   1.0
1049   rcc   6.49 3.95 -11   0 0 2   1.0
1050   rcc   5.19 5.55 -11   0 0 2   1.0
1051   rcc   3.5 6.75 -11   0 0 2   1.0
1052   rcc   1.55 7.44 -11   0 0 2   1.0
1053   rcc   -0.52 7.58 -11   0 0 2   1.0
1054   rcc   -2.55 7.16 -11   0 0 2   1.0
1055   rcc   -4.38 6.21 -11   0 0 2   1.0
1056   rcc   -5.9 4.8 -11   0 0 2   1.0
1057   rcc   -6.97 3.03 -11   0 0 2   1.0
1058   rcc   -7.53 1.03 -11   0 0 2   1.0
1059   rcc   -7.53 -1.03 -11   0 0 2   1.0
1060   rcc   -6.97 -3.03 -11   0 0 2   1.0
1061   rcc   -5.9 -4.8 -11   0 0 2   1.0
1062   rcc   -4.38 -6.21 -11   0 0 2   1.0
1063   rcc   -2.55 -7.16 -11   0 0 2   1.0
1064   rcc   -0.52 -7.58 -11   0 0 2   1.0
1065   rcc   1.55 -7.44 -11   0 0 2   1.0
1066   rcc   3.5 -6.75 -11   0 0 2   1.0
1067   rcc   5.19 -5.55 -11   0 0 2   1.0
1068   rcc   6.49 -3.95 -11   0 0 2   1.0
1069   rcc   7.32 -2.05 -11   0 0 2   1.0
1070   rcc   7.6 0.0 -9   0 0 2   1.0
1071   rcc   7.32 2.05 -9   0 0 2   1.0
1072   rcc   6.49 3.95 -9   0 0 2   1.0
1073   rcc   5.19 5.55 -9   0 0 2   1.0
1074   rcc   3.5 6.75 -9   0 0 2   1.0
1075   rcc   1.55 7.44 -9   0 0 2   1.0
1076   rcc   -0.52 7.58 -9   0 0 2   1.0
1077   rcc   -2.55 7.16 -9   0 0 2   1.0
1078   rcc   -4.38 6.21 -9   0 0 2   1.0
1079   rcc   -5.9 4.8 -9   0 0 2   1.0
1080   rcc   -6.97 3.03 -9   0 0 2   1.0
1081   rcc   -7.53 1.03 -9   0 0 2   1.0
1082   rcc   -7.53 -1.03 -9   0 0 2   1.0
1083   rcc   -6.97 -3.03 -9   0 0 2   1.0
1084   rcc   -5.9 -4.8 -9   0 0 2   1.0
1085   rcc   -4.38 -6.21 -9   0 0 2   1.0
1086   rcc   -2.55 -7.16 -9   0 0 2   1.0
1087   rcc   -0.52 -7.58 -9   0 0 2   1.0
1088   rcc   1.55 -7.44 -9   0 0 2   1.0
1089   rcc   3.5 -6.75 -9   0 0 2   1.0
1090   rcc   5.19 -5.55 -9   0 0 2   1.0
1091   rcc   6.49 -3.95 -9   0 0 2   1.0
1092   rcc   7.32 -2.05 -9   0 0 2   1.0
1093   rcc   7.6 0.0 -7   0 0 2   1.0
1094   rcc   7.32 2.05 -7   0 0 2   1.0
1095   rcc   6.49 3.95 -7   0 0 2   1.0
1096   rcc   5.19 5.55 -7   0 0 2   1.0
1097   rcc   3.5 6.75 -7   0 0 2   1.0
1098   rcc   1.55 7.44 -7   0 0 2   1.0
1099   rcc   -0.52 7.58 -7   0 0 2   1.0
1100   rcc   -2.55 7.16 -7   0 0 2   1.0
1101   rcc   -4.38 6.21 -7   0 0 2   1.0
1102   rcc   -5.9 4.8 -7   0 0 2   1.0
1103   rcc   -6.97 3.03 -7   0 0 2   1.0
1104   rcc   -7.53 1.03 -7   0 0 2   1.0
1105   rcc   -7.53 -1.03 -7   0 0 2   1.0
1106   rcc   -6.97 -3.03 -7   0 0 2   1.0
1107   rcc   -5.9 -4.8 -7   0 0 2   1.0
1108   rcc   -4.38 -6.21 -7   0 0 2   1.0
1109   rcc   -2.55 -7.16 -7   0 0 2   1.0
1110   rcc   -0.52 -7.58 -7   0 0 2   1.0
1111   rcc   1.55 -7.44 -7   0 0 2   1.0
1112   rcc   3.5 -6.75 -7   0 0 2   1.0
1113   rcc   5.19 -5.55 -7   0 0 2   1.0
1114   rcc   6.49 -3.95 -7   0 0 2   1.0
1115   rcc   7.32 -2.05 -7   0 0 2   1.0
1116   rcc   7.6 0.0 -5   0 0 2   1.0
1117   rcc   7.32 2.05 -5   0 0 2   1.0
1118   rcc   6.49 3.95 -5   0 0 2   1.0
1119   rcc   5.19 5.55 -5   0 0 2   1.0
1120   rcc   3.5 6.75 -5   0 0 2   1.0
1121   rcc   1.55 7.44 -5   0 0 2   1.0
1122   rcc   -0.52 7.58 -5   0 0 2   1.0
1123   rcc   -2.55 7.16 -5   0 0 2   1.0
1124   rcc   -4.38 6.21 -5   0 0 2   1.0
1125   rcc   -5.9 4.8 -5   0 0 2   1.0
1126   rcc   -6.97 3.03 -5   0 0 2   1.0
1127   rcc   -7.53 1.03 -5   0 0 2   1.0
1128   rcc   -7.53 -1.03 -5   0 0 2   1.0
1129   rcc   -6.97 -3.03 -5   0 0 2   1.0
1130   rcc   -5.9 -4.8 -5   0 0 2   1.0
1131   rcc   -4.38 -6.21 -5   0 0 2   1.0
1132   rcc   -2.55 -7.16 -5   0 0 2   1.0
1133   rcc   -0.52 -7.58 -5   0 0 2   1.0
1134   rcc   1.55 -7.44 -5   0 0 2   1.0
1135   rcc   3.5 -6.75 -5   0 0 2   1.0
1136   rcc   5.19 -5.55 -5   0 0 2   1.0
1137   rcc   6.49 -3.95 -5   0 0 2   1.0
1138   rcc   7.32 -2.05 -5   0 0 2   1.0
1139   rcc   7.6 0.0 -3   0 0 2   1.0
1140   rcc   7.32 2.05 -3   0 0 2   1.0
1141   rcc   6.49 3.95 -3   0 0 2   1.0
1142   rcc   5.19 5.55 -3   0 0 2   1.0
1143   rcc   3.5 6.75 -3   0 0 2   1.0
1144   rcc   1.55 7.44 -3   0 0 2   1.0
1145   rcc   -0.52 7.58 -3   0 0 2   1.0
1146   rcc   -2.55 7.16 -3   0 0 2   1.0
1147   rcc   -4.38 6.21 -3   0 0 2   1.0
1148   rcc   -5.9 4.8 -3   0 0 2   1.0
1149   rcc   -6.97 3.03 -3   0 0 2   1.0
1150   rcc   -7.53 1.03 -3   0 0 2   1.0
1151   rcc   -7.53 -1.03 -3   0 0 2   1.0
1152   rcc   -6.97 -3.03 -3   0 0 2   1.0
1153   rcc   -5.9 -4.8 -3   0 0 2   1.0
1154   rcc   -4.38 -6.21 -3   0 0 2   1.0
1155   rcc   -2.55 -7.16 -3   0 0 2   1.0
1156   rcc   -0.52 -7.58 -3   0 0 2   1.0
1157   rcc   1.55 -7.44 -3   0 0 2   1.0
1158   rcc   3.5 -6.75 -3   0 0 2   1.0
1159   rcc   5.19 -5.55 -3   0 0 2   1.0
1160   rcc   6.49 -3.95 -3   0 0 2   1.0
1161   rcc   7.32 -2.05 -3   0 0 2   1.0
1162   rcc   7.6 0.0 -1   0 0 2   1.0
1163   rcc   7.32 2.05 -1   0 0 2   1.0
1164   rcc   6.49 3.95 -1   0 0 2   1.0
1165   rcc   5.19 5.55 -1   0 0 2   1.0
1166   rcc   3.5 6.75 -1   0 0 2   1.0
1167   rcc   1.55 7.44 -1   0 0 2   1.0
1168   rcc   -0.52 7.58 -1   0 0 2   1.0
1169   rcc   -2.55 7.16 -1   0 0 2   1.0
1170   rcc   -4.38 6.21 -1   0 0 2   1.0
1171   rcc   -5.9 4.8 -1   0 0 2   1.0
1172   rcc   -6.97 3.03 -1   0 0 2   1.0
1173   rcc   -7.53 1.03 -1   0 0 2   1.0
1174   rcc   -7.53 -1.03 -1   0 0 2   1.0
1175   rcc   -6.97 -3.03 -1   0 0 2   1.0
1176   rcc   -5.9 -4.8 -1   0 0 2   1.0
1177   rcc   -4.38 -6.21 -1   0 0 2   1.0
1178   rcc   -2.55 -7.16 -1   0 0 2   1.0
1179   rcc   -0.52 -7.58 -1   0 0 2   1.0
1180   rcc   1.55 -7.44 -1   0 0 2   1.0
1181   rcc   3.5 -6.75 -1   0 0 2   1.0
1182   rcc   5.19 -5.55 -1   0 0 2   1.0
1183   rcc   6.49 -3.95 -1   0 0 2   1.0
1184   rcc   7.32 -2.05 -1   0 0 2   1.0
1185   rcc   7.6 0.0 1   0 0 2   1.0
1186   rcc   7.32 2.05 1   0 0 2   1.0
1187   rcc   6.49 3.95 1   0 0 2   1.0
1188   rcc   5.19 5.55 1   0 0 2   1.0
1189   rcc   3.5 6.75 1   0 0 2   1.0
1190   rcc   1.55 7.44 1   0 0 2   1.0
1191   rcc   -0.52 7.58 1   0 0 2   1.0
1192   rcc   -2.55 7.16 1   0 0 2   1.0
1193   rcc   -4.38 6.21 1   0 0 2   1.0
1194   rcc   -5.9 4.8 1   0 0 2   1.0
1195   rcc   -6.97 3.03 1   0 0 2   1.0
1196   rcc   -7.53 1.03 1   0 0 2   1.0
1197   rcc   -7.53 -1.03 1   0 0 2   1.0
1198   rcc   -6.97 -3.03 1   0 0 2   1.0
1199   rcc   -5.9 -4.8 1   0 0 2   1.0
1200   rcc   -4.38 -6.21 1   0 0 2   1.0
1201   rcc   -2.55 -7.16 1   0 0 2   1.0
1202   rcc   -0.52 -7.58 1   0 0 2   1.0
1203   rcc   1.55 -7.44 1   0 0 2   1.0
1204   rcc   3.5 -6.75 1   0 0 2   1.0
1205   rcc   5.19 -5.55 1   0 0 2   1.0
1206   rcc   6.49 -3.95 1   0 0 2   1.0
1207   rcc   7.32 -2.05 1   0 0 2   1.0
1208   rcc   7.6 0.0 3   0 0 2   1.0
1209   rcc   7.32 2.05 3   0 0 2   1.0
1210   rcc   6.49 3.95 3   0 0 2   1.0
1211   rcc   5.19 5.55 3   0 0 2   1.0
1212   rcc   3.5 6.75 3   0 0 2   1.0
1213   rcc   1.55 7.44 3   0 0 2   1.0
1214   rcc   -0.52 7.58 3   0 0 2   1.0
1215   rcc   -2.55 7.16 3   0 0 2   1.0
1216   rcc   -4.38 6.21 3   0 0 2   1.0
1217   rcc   -5.9 4.8 3   0 0 2   1.0
1218   rcc   -6.97 3.03 3   0 0 2   1.0
1219   rcc   -7.53 1.03 3   0 0 2   1.0
1220   rcc   -7.53 -1.03 3   0 0 2   1.0
1221   rcc   -6.97 -3.03 3   0 0 2   1.0
1222   rcc   -5.9 -4.8 3   0 0 2   1.0
1223   rcc   -4.38 -6.21 3   0 0 2   1.0
1224   rcc   -2.55 -7.16 3   0 0 2   1.0
1225   rcc   -0.52 -7.58 3   0 0 2   1.0
1226   rcc   1.55 -7.44 3   0 0 2   1.0
1227   rcc   3.5 -6.75 3   0 0 2   1.0
1228   rcc   5.19 -5.55 3   0 0 2   1.0
1229   rcc   6.49 -3.95 3   0 0 2   1.0
1230   rcc   7.32 -2.05 3   0 0 2   1.0
1231   rcc   7.6 0.0 5   0 0 2   1.0
1232   rcc   7.32 2.05 5   0 0 2   1.0
1233   rcc   6.49 3.95 5   0 0 2   1.0
1234   rcc   5.19 5.55 5   0 0 2   1.0
1235   rcc   3.5 6.75 5   0 0 2   1.0
1236   rcc   1.55 7.44 5   0 0 2   1.0
1237   rcc   -0.52 7.58 5   0 0 2   1.0
1238   rcc   -2.55 7.16 5   0 0 2   1.0
1239   rcc   -4.38 6.21 5   0 0 2   1.0
1240   rcc   -5.9 4.8 5   0 0 2   1.0
1241   rcc   -6.97 3.03 5   0 0 2   1.0
1242   rcc   -7.53 1.03 5   0 0 2   1.0
1243   rcc   -7.53 -1.03 5   0 0 2   1.0
1244   rcc   -6.97 -3.03 5   0 0 2   1.0
1245   rcc   -5.9 -4.8 5   0 0 2   1.0
1246   rcc   -4.38 -6.21 5   0 0 2   1.0
1247   rcc   -2.55 -7.16 5   0 0 2   1.0
1248   rcc   -0.52 -7.58 5   0 0 2   1.0
1249   rcc   1.55 -7.44 5   0 0 2   1.0
1250   rcc   3.5 -6.75 5   0 0 2   1.0
1251   rcc   5.19 -5.55 5   0 0 2   1.0
1252   rcc   6.49 -3.95 5   0 0 2   1.0
1253   rcc   7.32 -2.05 5   0 0 2   1.0
1254   rcc   7.6 0.0 7   0 0 2   1.0
1255   rcc   7.32 2.05 7   0 0 2   1.0
1256   rcc   6.49 3.95 7   0 0 2   1.0
1257   rcc   5.19 5.55 7   0 0 2   1.0
1258   rcc   3.5 6.75 7   0 0 2   1.0
1259   rcc   1.55 7.44 7   0 0 2   1.0
1260   rcc   -0.52 7.58 7   0 0 2   1.0
1261   rcc   -2.55 7.16 7   0 0 2   1.0
1262   rcc   -4.38 6.21 7   0 0 2   1.0
1263   rcc   -5.9 4.8 7   0 0 2   1.0
1264   rcc   -6.97 3.03 7   0 0 2   1.0
1265   rcc   -7.53 1.03 7   0 0 2   1.0
1266   rcc   -7.53 -1.03 7   0 0 2   1.0
1267   rcc   -6.97 -3.03 7   0 0 2   1.0
1268   rcc   -5.9 -4.8 7   0 0 2   1.0
1269   rcc   -4.38 -6.21 7   0 0 2   1.0
1270   rcc   -2.55 -7.16 7   0 0 2   1.0
1271   rcc   -0.52 -7.58 7   0 0 2   1.0
1272   rcc   1.55 -7.44 7   0 0 2   1.0
1273   rcc   3.5 -6.75 7   0 0 2   1.0
1274   rcc   5.19 -5.55 7   0 0 2   1.0
1275   rcc   6.49 -3.95 7   0 0 2   1.0
1276   rcc   7.32 -2.05 7   0 0 2   1.0
1277   rcc   7.6 0.0 9   0 0 2   1.0
1278   rcc   7.32 2.05 9   0 0 2   1.0
1279   rcc   6.49 3.95 9   0 0 2   1.0
1280   rcc   5.19 5.55 9   0 0 2   1.0
1281   rcc   3.5 6.75 9   0 0 2   1.0
1282   rcc   1.55 7.44 9   0 0 2   1.0
1283   rcc   -0.52 7.58 9   0 0 2   1.0
1284   rcc   -2.55 7.16 9   0 0 2   1.0
1285   rcc   -4.38 6.21 9   0 0 2   1.0
1286   rcc   -5.9 4.8 9   0 0 2   1.0
1287   rcc   -6.97 3.03 9   0 0 2   1.0
1288   rcc   -7.53 1.03 9   0 0 2   1.0
1289   rcc   -7.53 -1.03 9   0 0 2   1.0
1290   rcc   -6.97 -3.03 9   0 0 2   1.0
1291   rcc   -5.9 -4.8 9   0 0 2   1.0
1292   rcc   -4.38 -6.21 9   0 0 2   1.0
1293   rcc   -2.55 -7.16 9   0 0 2   1.0
1294   rcc   -0.52 -7.58 9   0 0 2   1.0
1295   rcc   1.55 -7.44 9   0 0 2   1.0
1296   rcc   3.5 -6.75 9   0 0 2   1.0
1297   rcc   5.19 -5.55 9   0 0 2   1.0
1298   rcc   6.49 -3.95 9   0 0 2   1.0
1299   rcc   7.32 -2.05 9   0 0 2   1.0
1300   rcc   7.6 0.0 11   0 0 2   1.0
1301   rcc   7.32 2.05 11   0 0 2   1.0
1302   rcc   6.49 3.95 11   0 0 2   1.0
1303   rcc   5.19 5.55 11   0 0 2   1.0
1304   rcc   3.5 6.75 11   0 0 2   1.0
1305   rcc   1.55 7.44 11   0 0 2   1.0
1306   rcc   -0.52 7.58 11   0 0 2   1.0
1307   rcc   -2.55 7.16 11   0 0 2   1.0
1308   rcc   -4.38 6.21 11   0 0 2   1.0
1309   rcc   -5.9 4.8 11   0 0 2   1.0
1310   rcc   -6.97 3.03 11   0 0 2   1.0
1311   rcc   -7.53 1.03 11   0 0 2   1.0
1312   rcc   -7.53 -1.03 11   0 0 2   1.0
1313   rcc   -6.97 -3.03 11   0 0 2   1.0
1314   rcc   -5.9 -4.8 11   0 0 2   1.0
1315   rcc   -4.38 -6.21 11   0 0 2   1.0
1316   rcc   -2.55 -7.16 11   0 0 2   1.0
1317   rcc   -0.52 -7.58 11   0 0 2   1.0
1318   rcc   1.55 -7.44 11   0 0 2   1.0
1319   rcc   3.5 -6.75 11   0 0 2   1.0
1320   rcc   5.19 -5.55 11   0 0 2   1.0
1321   rcc   6.49 -3.95 11   0 0 2   1.0
1322   rcc   7.32 -2.05 11   0 0 2   1.0
1323   rcc   7.6 0.0 13   0 0 2   1.0
1324   rcc   7.32 2.05 13   0 0 2   1.0
1325   rcc   6.49 3.95 13   0 0 2   1.0
1326   rcc   5.19 5.55 13   0 0 2   1.0
1327   rcc   3.5 6.75 13   0 0 2   1.0
1328   rcc   1.55 7.44 13   0 0 2   1.0
1329   rcc   -0.52 7.58 13   0 0 2   1.0
1330   rcc   -2.55 7.16 13   0 0 2   1.0
1331   rcc   -4.38 6.21 13   0 0 2   1.0
1332   rcc   -5.9 4.8 13   0 0 2   1.0
1333   rcc   -6.97 3.03 13   0 0 2   1.0
1334   rcc   -7.53 1.03 13   0 0 2   1.0
1335   rcc   -7.53 -1.03 13   0 0 2   1.0
1336   rcc   -6.97 -3.03 13   0 0 2   1.0
1337   rcc   -5.9 -4.8 13   0 0 2   1.0
1338   rcc   -4.38 -6.21 13   0 0 2   1.0
1339   rcc   -2.55 -7.16 13   0 0 2   1.0
1340   rcc   -0.52 -7.58 13   0 0 2   1.0
1341   rcc   1.55 -7.44 13   0 0 2   1.0
1342   rcc   3.5 -6.75 13   0 0 2   1.0
1343   rcc   5.19 -5.55 13   0 0 2   1.0
1344   rcc   6.49 -3.95 13   0 0 2   1.0
1345   rcc   7.32 -2.05 13   0 0 2   1.0
2001   rcc   10.0 0.0 -15   0 0 2   1.0
2002   rcc   9.8 2.01 -15   0 0 2   1.0
2003   rcc   9.19 3.94 -15   0 0 2   1.0
2004   rcc   8.21 5.71 -15   0 0 2   1.0
2005   rcc   6.89 7.25 -15   0 0 2   1.0
2006   rcc   5.29 8.49 -15   0 0 2   1.0
2007   rcc   3.47 9.38 -15   0 0 2   1.0
2008   rcc   1.51 9.88 -15   0 0 2   1.0
2009   rcc   -0.51 9.99 -15   0 0 2   1.0
2010   rcc   -2.51 9.68 -15   0 0 2   1.0
2011   rcc   -4.4 8.98 -15   0 0 2   1.0
2012   rcc   -6.12 7.91 -15   0 0 2   1.0
2013   rcc   -7.59 6.51 -15   0 0 2   1.0
2014   rcc   -8.74 4.85 -15   0 0 2   1.0
2015   rcc   -9.54 2.99 -15   0 0 2   1.0
2016   rcc   -9.95 1.01 -15   0 0 2   1.0
2017   rcc   -9.95 -1.01 -15   0 0 2   1.0
2018   rcc   -9.54 -2.99 -15   0 0 2   1.0
2019   rcc   -8.74 -4.85 -15   0 0 2   1.0
2020   rcc   -7.59 -6.51 -15   0 0 2   1.0
2021   rcc   -6.12 -7.91 -15   0 0 2   1.0
2022   rcc   -4.4 -8.98 -15   0 0 2   1.0
2023   rcc   -2.51 -9.68 -15   0 0 2   1.0
2024   rcc   -0.51 -9.99 -15   0 0 2   1.0
2025   rcc   1.51 -9.88 -15   0 0 2   1.0
2026   rcc   3.47 -9.38 -15   0 0 2   1.0
2027   rcc   5.29 -8.49 -15   0 0 2   1.0
2028   rcc   6.89 -7.25 -15   0 0 2   1.0
2029   rcc   8.21 -5.71 -15   0 0 2   1.0
2030   rcc   9.19 -3.94 -15   0 0 2   1.0
2031   rcc   9.8 -2.01 -15   0 0 2   1.0
2032   rcc   10.0 0.0 -13   0 0 2   1.0
2033   rcc   9.8 2.01 -13   0 0 2   1.0
2034   rcc   9.19 3.94 -13   0 0 2   1.0
2035   rcc   8.21 5.71 -13   0 0 2   1.0
2036   rcc   6.89 7.25 -13   0 0 2   1.0
2037   rcc   5.29 8.49 -13   0 0 2   1.0
2038   rcc   3.47 9.38 -13   0 0 2   1.0
2039   rcc   1.51 9.88 -13   0 0 2   1.0
2040   rcc   -0.51 9.99 -13   0 0 2   1.0
2041   rcc   -2.51 9.68 -13   0 0 2   1.0
2042   rcc   -4.4 8.98 -13   0 0 2   1.0
2043   rcc   -6.12 7.91 -13   0 0 2   1.0
2044   rcc   -7.59 6.51 -13   0 0 2   1.0
2045   rcc   -8.74 4.85 -13   0 0 2   1.0
2046   rcc   -9.54 2.99 -13   0 0 2   1.0
2047   rcc   -9.95 1.01 -13   0 0 2   1.0
2048   rcc   -9.95 -1.01 -13   0 0 2   1.0
2049   rcc   -9.54 -2.99 -13   0 0 2   1.0
2050   rcc   -8.74 -4.85 -13   0 0 2   1.0
2051   rcc   -7.59 -6.51 -13   0 0 2   1.0
2052   rcc   -6.12 -7.91 -13   0 0 2   1.0
2053   rcc   -4.4 -8.98 -13   0 0 2   1.0
2054   rcc   -2.51 -9.68 -13   0 0 2   1.0
2055   rcc   -0.51 -9.99 -13   0 0 2   1.0
2056   rcc   1.51 -9.88 -13   0 0 2   1.0
2057   rcc   3.47 -9.38 -13   0 0 2   1.0
2058   rcc   5.29 -8.49 -13   0 0 2   1.0
2059   rcc   6.89 -7.25 -13   0 0 2   1.0
2060   rcc   8.21 -5.71 -13   0 0 2   1.0
2061   rcc   9.19 -3.94 -13   0 0 2   1.0
2062   rcc   9.8 -2.01 -13   0 0 2   1.0
2063   rcc   10.0 0.0 -11   0 0 2   1.0
2064   rcc   9.8 2.01 -11   0 0 2   1.0
2065   rcc   9.19 3.94 -11   0 0 2   1.0
2066   rcc   8.21 5.71 -11   0 0 2   1.0
2067   rcc   6.89 7.25 -11   0 0 2   1.0
2068   rcc   5.29 8.49 -11   0 0 2   1.0
2069   rcc   3.47 9.38 -11   0 0 2   1.0
2070   rcc   1.51 9.88 -11   0 0 2   1.0
2071   rcc   -0.51 9.99 -11   0 0 2   1.0
2072   rcc   -2.51 9.68 -11   0 0 2   1.0
2073   rcc   -4.4 8.98 -11   0 0 2   1.0
2074   rcc   -6.12 7.91 -11   0 0 2   1.0
2075   rcc   -7.59 6.51 -11   0 0 2   1.0
2076   rcc   -8.74 4.85 -11   0 0 2   1.0
2077   rcc   -9.54 2.99 -11   0 0 2   1.0
2078   rcc   -9.95 1.01 -11   0 0 2   1.0
2079   rcc   -9.95 -1.01 -11   0 0 2   1.0
2080   rcc   -9.54 -2.99 -11   0 0 2   1.0
2081   rcc   -8.74 -4.85 -11   0 0 2   1.0
2082   rcc   -7.59 -6.51 -11   0 0 2   1.0
2083   rcc   -6.12 -7.91 -11   0 0 2   1.0
2084   rcc   -4.4 -8.98 -11   0 0 2   1.0
2085   rcc   -2.51 -9.68 -11   0 0 2   1.0
2086   rcc   -0.51 -9.99 -11   0 0 2   1.0
2087   rcc   1.51 -9.88 -11   0 0 2   1.0
2088   rcc   3.47 -9.38 -11   0 0 2   1.0
2089   rcc   5.29 -8.49 -11   0 0 2   1.0
2090   rcc   6.89 -7.25 -11   0 0 2   1.0
2091   rcc   8.21 -5.71 -11   0 0 2   1.0
2092   rcc   9.19 -3.94 -11   0 0 2   1.0
2093   rcc   9.8 -2.01 -11   0 0 2   1.0
2094   rcc   10.0 0.0 -9   0 0 2   1.0
2095   rcc   9.8 2.01 -9   0 0 2   1.0
2096   rcc   9.19 3.94 -9   0 0 2   1.0
2097   rcc   8.21 5.71 -9   0 0 2   1.0
2098   rcc   6.89 7.25 -9   0 0 2   1.0
2099   rcc   5.29 8.49 -9   0 0 2   1.0
2100   rcc   3.47 9.38 -9   0 0 2   1.0
2101   rcc   1.51 9.88 -9   0 0 2   1.0
2102   rcc   -0.51 9.99 -9   0 0 2   1.0
2103   rcc   -2.51 9.68 -9   0 0 2   1.0
2104   rcc   -4.4 8.98 -9   0 0 2   1.0
2105   rcc   -6.12 7.91 -9   0 0 2   1.0
2106   rcc   -7.59 6.51 -9   0 0 2   1.0
2107   rcc   -8.74 4.85 -9   0 0 2   1.0
2108   rcc   -9.54 2.99 -9   0 0 2   1.0
2109   rcc   -9.95 1.01 -9   0 0 2   1.0
2110   rcc   -9.95 -1.01 -9   0 0 2   1.0
2111   rcc   -9.54 -2.99 -9   0 0 2   1.0
2112   rcc   -8.74 -4.85 -9   0 0 2   1.0
2113   rcc   -7.59 -6.51 -9   0 0 2   1.0
2114   rcc   -6.12 -7.91 -9   0 0 2   1.0
2115   rcc   -4.4 -8.98 -9   0 0 2   1.0
2116   rcc   -2.51 -9.68 -9   0 0 2   1.0
2117   rcc   -0.51 -9.99 -9   0 0 2   1.0
2118   rcc   1.51 -9.88 -9   0 0 2   1.0
2119   rcc   3.47 -9.38 -9   0 0 2   1.0
2120   rcc   5.29 -8.49 -9   0 0 2   1.0
2121   rcc   6.89 -7.25 -9   0 0 2   1.0
2122   rcc   8.21 -5.71 -9   0 0 2   1.0
2123   rcc   9.19 -3.94 -9   0 0 2   1.0
2124   rcc   9.8 -2.01 -9   0 0 2   1.0
2125   rcc   10.0 0.0 -7   0 0 2   1.0
2126   rcc   9.8 2.01 -7   0 0 2   1.0
2127   rcc   9.19 3.94 -7   0 0 2   1.0
2128   rcc   8.21 5.71 -7   0 0 2   1.0
2129   rcc   6.89 7.25 -7   0 0 2   1.0
2130   rcc   5.29 8.49 -7   0 0 2   1.0
2131   rcc   3.47 9.38 -7   0 0 2   1.0
2132   rcc   1.51 9.88 -7   0 0 2   1.0
2133   rcc   -0.51 9.99 -7   0 0 2   1.0
2134   rcc   -2.51 9.68 -7   0 0 2   1.0
2135   rcc   -4.4 8.98 -7   0 0 2   1.0
2136   rcc   -6.12 7.91 -7   0 0 2   1.0
2137   rcc   -7.59 6.51 -7   0 0 2   1.0
2138   rcc   -8.74 4.85 -7   0 0 2   1.0
2139   rcc   -9.54 2.99 -7   0 0 2   1.0
2140   rcc   -9.95 1.01 -7   0 0 2   1.0
2141   rcc   -9.95 -1.01 -7   0 0 2   1.0
2142   rcc   -9.54 -2.99 -7   0 0 2   1.0
2143   rcc   -8.74 -4.85 -7   0 0 2   1.0
2144   rcc   -7.59 -6.51 -7   0 0 2   1.0
2145   rcc   -6.12 -7.91 -7   0 0 2   1.0
2146   rcc   -4.4 -8.98 -7   0 0 2   1.0
2147   rcc   -2.51 -9.68 -7   0 0 2   1.0
2148   rcc   -0.51 -9.99 -7   0 0 2   1.0
2149   rcc   1.51 -9.88 -7   0 0 2   1.0
2150   rcc   3.47 -9.38 -7   0 0 2   1.0
2151   rcc   5.29 -8.49 -7   0 0 2   1.0
2152   rcc   6.89 -7.25 -7   0 0 2   1.0
2153   rcc   8.21 -5.71 -7   0 0 2   1.0
2154   rcc   9.19 -3.94 -7   0 0 2   1.0
2155   rcc   9.8 -2.01 -7   0 0 2   1.0
2156   rcc   10.0 0.0 -5   0 0 2   1.0
2157   rcc   9.8 2.01 -5   0 0 2   1.0
2158   rcc   9.19 3.94 -5   0 0 2   1.0
2159   rcc   8.21 5.71 -5   0 0 2   1.0
2160   rcc   6.89 7.25 -5   0 0 2   1.0
2161   rcc   5.29 8.49 -5   0 0 2   1.0
2162   rcc   3.47 9.38 -5   0 0 2   1.0
2163   rcc   1.51 9.88 -5   0 0 2   1.0
2164   rcc   -0.51 9.99 -5   0 0 2   1.0
2165   rcc   -2.51 9.68 -5   0 0 2   1.0
2166   rcc   -4.4 8.98 -5   0 0 2   1.0
2167   rcc   -6.12 7.91 -5   0 0 2   1.0
2168   rcc   -7.59 6.51 -5   0 0 2   1.0
2169   rcc   -8.74 4.85 -5   0 0 2   1.0
2170   rcc   -9.54 2.99 -5   0 0 2   1.0
2171   rcc   -9.95 1.01 -5   0 0 2   1.0
2172   rcc   -9.95 -1.01 -5   0 0 2   1.0
2173   rcc   -9.54 -2.99 -5   0 0 2   1.0
2174   rcc   -8.74 -4.85 -5   0 0 2   1.0
2175   rcc   -7.59 -6.51 -5   0 0 2   1.0
2176   rcc   -6.12 -7.91 -5   0 0 2   1.0
2177   rcc   -4.4 -8.98 -5   0 0 2   1.0
2178   rcc   -2.51 -9.68 -5   0 0 2   1.0
2179   rcc   -0.51 -9.99 -5   0 0 2   1.0
2180   rcc   1.51 -9.88 -5   0 0 2   1.0
2181   rcc   3.47 -9.38 -5   0 0 2   1.0
2182   rcc   5.29 -8.49 -5   0 0 2   1.0
2183   rcc   6.89 -7.25 -5   0 0 2   1.0
2184   rcc   8.21 -5.71 -5   0 0 2   1.0
2185   rcc   9.19 -3.94 -5   0 0 2   1.0
2186   rcc   9.8 -2.01 -5   0 0 2   1.0
2187   rcc   10.0 0.0 -3   0 0 2   1.0
2188   rcc   9.8 2.01 -3   0 0 2   1.0
2189   rcc   9.19 3.94 -3   0 0 2   1.0
2190   rcc   8.21 5.71 -3   0 0 2   1.0
2191   rcc   6.89 7.25 -3   0 0 2   1.0
2192   rcc   5.29 8.49 -3   0 0 2   1.0
2193   rcc   3.47 9.38 -3   0 0 2   1.0
2194   rcc   1.51 9.88 -3   0 0 2   1.0
2195   rcc   -0.51 9.99 -3   0 0 2   1.0
2196   rcc   -2.51 9.68 -3   0 0 2   1.0
2197   rcc   -4.4 8.98 -3   0 0 2   1.0
2198   rcc   -6.12 7.91 -3   0 0 2   1.0
2199   rcc   -7.59 6.51 -3   0 0 2   1.0
2200   rcc   -8.74 4.85 -3   0 0 2   1.0
2201   rcc   -9.54 2.99 -3   0 0 2   1.0
2202   rcc   -9.95 1.01 -3   0 0 2   1.0
2203   rcc   -9.95 -1.01 -3   0 0 2   1.0
2204   rcc   -9.54 -2.99 -3   0 0 2   1.0
2205   rcc   -8.74 -4.85 -3   0 0 2   1.0
2206   rcc   -7.59 -6.51 -3   0 0 2   1.0
2207   rcc   -6.12 -7.91 -3   0 0 2   1.0
2208   rcc   -4.4 -8.98 -3   0 0 2   1.0
2209   rcc   -2.51 -9.68 -3   0 0 2   1.0
2210   rcc   -0.51 -9.99 -3   0 0 2   1.0
2211   rcc   1.51 -9.88 -3   0 0 2   1.0
2212   rcc   3.47 -9.38 -3   0 0 2   1.0
2213   rcc   5.29 -8.49 -3   0 0 2   1.0
2214   rcc   6.89 -7.25 -3   0 0 2   1.0
2215   rcc   8.21 -5.71 -3   0 0 2   1.0
2216   rcc   9.19 -3.94 -3   0 0 2   1.0
2217   rcc   9.8 -2.01 -3   0 0 2   1.0
2218   rcc   10.0 0.0 -1   0 0 2   1.0
2219   rcc   9.8 2.01 -1   0 0 2   1.0
2220   rcc   9.19 3.94 -1   0 0 2   1.0
2221   rcc   8.21 5.71 -1   0 0 2   1.0
2222   rcc   6.89 7.25 -1   0 0 2   1.0
2223   rcc   5.29 8.49 -1   0 0 2   1.0
2224   rcc   3.47 9.38 -1   0 0 2   1.0
2225   rcc   1.51 9.88 -1   0 0 2   1.0
2226   rcc   -0.51 9.99 -1   0 0 2   1.0
2227   rcc   -2.51 9.68 -1   0 0 2   1.0
2228   rcc   -4.4 8.98 -1   0 0 2   1.0
2229   rcc   -6.12 7.91 -1   0 0 2   1.0
2230   rcc   -7.59 6.51 -1   0 0 2   1.0
2231   rcc   -8.74 4.85 -1   0 0 2   1.0
2232   rcc   -9.54 2.99 -1   0 0 2   1.0
2233   rcc   -9.95 1.01 -1   0 0 2   1.0
2234   rcc   -9.95 -1.01 -1   0 0 2   1.0
2235   rcc   -9.54 -2.99 -1   0 0 2   1.0
2236   rcc   -8.74 -4.85 -1   0 0 2   1.0
2237   rcc   -7.59 -6.51 -1   0 0 2   1.0
2238   rcc   -6.12 -7.91 -1   0 0 2   1.0
2239   rcc   -4.4 -8.98 -1   0 0 2   1.0
2240   rcc   -2.51 -9.68 -1   0 0 2   1.0
2241   rcc   -0.51 -9.99 -1   0 0 2   1.0
2242   rcc   1.51 -9.88 -1   0 0 2   1.0
2243   rcc   3.47 -9.38 -1   0 0 2   1.0
2244   rcc   5.29 -8.49 -1   0 0 2   1.0
2245   rcc   6.89 -7.25 -1   0 0 2   1.0
2246   rcc   8.21 -5.71 -1   0 0 2   1.0
2247   rcc   9.19 -3.94 -1   0 0 2   1.0
2248   rcc   9.8 -2.01 -1   0 0 2   1.0
2249   rcc   10.0 0.0 1   0 0 2   1.0
2250   rcc   9.8 2.01 1   0 0 2   1.0
2251   rcc   9.19 3.94 1   0 0 2   1.0
2252   rcc   8.21 5.71 1   0 0 2   1.0
2253   rcc   6.89 7.25 1   0 0 2   1.0
2254   rcc   5.29 8.49 1   0 0 2   1.0
2255   rcc   3.47 9.38 1   0 0 2   1.0
2256   rcc   1.51 9.88 1   0 0 2   1.0
2257   rcc   -0.51 9.99 1   0 0 2   1.0
2258   rcc   -2.51 9.68 1   0 0 2   1.0
2259   rcc   -4.4 8.98 1   0 0 2   1.0
2260   rcc   -6.12 7.91 1   0 0 2   1.0
2261   rcc   -7.59 6.51 1   0 0 2   1.0
2262   rcc   -8.74 4.85 1   0 0 2   1.0
2263   rcc   -9.54 2.99 1   0 0 2   1.0
2264   rcc   -9.95 1.01 1   0 0 2   1.0
2265   rcc   -9.95 -1.01 1   0 0 2   1.0
2266   rcc   -9.54 -2.99 1   0 0 2   1.0
2267   rcc   -8.74 -4.85 1   0 0 2   1.0
2268   rcc   -7.59 -6.51 1   0 0 2   1.0
2269   rcc   -6.12 -7.91 1   0 0 2   1.0
2270   rcc   -4.4 -8.98 1   0 0 2   1.0
2271   rcc   -2.51 -9.68 1   0 0 2   1.0
2272   rcc   -0.51 -9.99 1   0 0 2   1.0
2273   rcc   1.51 -9.88 1   0 0 2   1.0
2274   rcc   3.47 -9.38 1   0 0 2   1.0
2275   rcc   5.29 -8.49 1   0 0 2   1.0
2276   rcc   6.89 -7.25 1   0 0 2   1.0
2277   rcc   8.21 -5.71 1   0 0 2   1.0
2278   rcc   9.19 -3.94 1   0 0 2   1.0
2279   rcc   9.8 -2.01 1   0 0 2   1.0
2280   rcc   10.0 0.0 3   0 0 2   1.0
2281   rcc   9.8 2.01 3   0 0 2   1.0
2282   rcc   9.19 3.94 3   0 0 2   1.0
2283   rcc   8.21 5.71 3   0 0 2   1.0
2284   rcc   6.89 7.25 3   0 0 2   1.0
2285   rcc   5.29 8.49 3   0 0 2   1.0
2286   rcc   3.47 9.38 3   0 0 2   1.0
2287   rcc   1.51 9.88 3   0 0 2   1.0
2288   rcc   -0.51 9.99 3   0 0 2   1.0
2289   rcc   -2.51 9.68 3   0 0 2   1.0
2290   rcc   -4.4 8.98 3   0 0 2   1.0
2291   rcc   -6.12 7.91 3   0 0 2   1.0
2292   rcc   -7.59 6.51 3   0 0 2   1.0
2293   rcc   -8.74 4.85 3   0 0 2   1.0
2294   rcc   -9.54 2.99 3   0 0 2   1.0
2295   rcc   -9.95 1.01 3   0 0 2   1.0
2296   rcc   -9.95 -1.01 3   0 0 2   1.0
2297   rcc   -9.54 -2.99 3   0 0 2   1.0
2298   rcc   -8.74 -4.85 3   0 0 2   1.0
2299   rcc   -7.59 -6.51 3   0 0 2   1.0
2300   rcc   -6.12 -7.91 3   0 0 2   1.0
2301   rcc   -4.4 -8.98 3   0 0 2   1.0
2302   rcc   -2.51 -9.68 3   0 0 2   1.0
2303   rcc   -0.51 -9.99 3   0 0 2   1.0
2304   rcc   1.51 -9.88 3   0 0 2   1.0
2305   rcc   3.47 -9.38 3   0 0 2   1.0
2306   rcc   5.29 -8.49 3   0 0 2   1.0
2307   rcc   6.89 -7.25 3   0 0 2   1.0
2308   rcc   8.21 -5.71 3   0 0 2   1.0
2309   rcc   9.19 -3.94 3   0 0 2   1.0
2310   rcc   9.8 -2.01 3   0 0 2   1.0
2311   rcc   10.0 0.0 5   0 0 2   1.0
2312   rcc   9.8 2.01 5   0 0 2   1.0
2313   rcc   9.19 3.94 5   0 0 2   1.0
2314   rcc   8.21 5.71 5   0 0 2   1.0
2315   rcc   6.89 7.25 5   0 0 2   1.0
2316   rcc   5.29 8.49 5   0 0 2   1.0
2317   rcc   3.47 9.38 5   0 0 2   1.0
2318   rcc   1.51 9.88 5   0 0 2   1.0
2319   rcc   -0.51 9.99 5   0 0 2   1.0
2320   rcc   -2.51 9.68 5   0 0 2   1.0
2321   rcc   -4.4 8.98 5   0 0 2   1.0
2322   rcc   -6.12 7.91 5   0 0 2   1.0
2323   rcc   -7.59 6.51 5   0 0 2   1.0
2324   rcc   -8.74 4.85 5   0 0 2   1.0
2325   rcc   -9.54 2.99 5   0 0 2   1.0
2326   rcc   -9.95 1.01 5   0 0 2   1.0
2327   rcc   -9.95 -1.01 5   0 0 2   1.0
2328   rcc   -9.54 -2.99 5   0 0 2   1.0
2329   rcc   -8.74 -4.85 5   0 0 2   1.0
2330   rcc   -7.59 -6.51 5   0 0 2   1.0
2331   rcc   -6.12 -7.91 5   0 0 2   1.0
2332   rcc   -4.4 -8.98 5   0 0 2   1.0
2333   rcc   -2.51 -9.68 5   0 0 2   1.0
2334   rcc   -0.51 -9.99 5   0 0 2   1.0
2335   rcc   1.51 -9.88 5   0 0 2   1.0
2336   rcc   3.47 -9.38 5   0 0 2   1.0
2337   rcc   5.29 -8.49 5   0 0 2   1.0
2338   rcc   6.89 -7.25 5   0 0 2   1.0
2339   rcc   8.21 -5.71 5   0 0 2   1.0
2340   rcc   9.19 -3.94 5   0 0 2   1.0
2341   rcc   9.8 -2.01 5   0 0 2   1.0
2342   rcc   10.0 0.0 7   0 0 2   1.0
2343   rcc   9.8 2.01 7   0 0 2   1.0
2344   rcc   9.19 3.94 7   0 0 2   1.0
2345   rcc   8.21 5.71 7   0 0 2   1.0
2346   rcc   6.89 7.25 7   0 0 2   1.0
2347   rcc   5.29 8.49 7   0 0 2   1.0
2348   rcc   3.47 9.38 7   0 0 2   1.0
2349   rcc   1.51 9.88 7   0 0 2   1.0
2350   rcc   -0.51 9.99 7   0 0 2   1.0
2351   rcc   -2.51 9.68 7   0 0 2   1.0
2352   rcc   -4.4 8.98 7   0 0 2   1.0
2353   rcc   -6.12 7.91 7   0 0 2   1.0
2354   rcc   -7.59 6.51 7   0 0 2   1.0
2355   rcc   -8.74 4.85 7   0 0 2   1.0
2356   rcc   -9.54 2.99 7   0 0 2   1.0
2357   rcc   -9.95 1.01 7   0 0 2   1.0
2358   rcc   -9.95 -1.01 7   0 0 2   1.0
2359   rcc   -9.54 -2.99 7   0 0 2   1.0
2360   rcc   -8.74 -4.85 7   0 0 2   1.0
2361   rcc   -7.59 -6.51 7   0 0 2   1.0
2362   rcc   -6.12 -7.91 7   0 0 2   1.0
2363   rcc   -4.4 -8.98 7   0 0 2   1.0
2364   rcc   -2.51 -9.68 7   0 0 2   1.0
2365   rcc   -0.51 -9.99 7   0 0 2   1.0
2366   rcc   1.51 -9.88 7   0 0 2   1.0
2367   rcc   3.47 -9.38 7   0 0 2   1.0
2368   rcc   5.29 -8.49 7   0 0 2   1.0
2369   rcc   6.89 -7.25 7   0 0 2   1.0
2370   rcc   8.21 -5.71 7   0 0 2   1.0
2371   rcc   9.19 -3.94 7   0 0 2   1.0
2372   rcc   9.8 -2.01 7   0 0 2   1.0
2373   rcc   10.0 0.0 9   0 0 2   1.0
2374   rcc   9.8 2.01 9   0 0 2   1.0
2375   rcc   9.19 3.94 9   0 0 2   1.0
2376   rcc   8.21 5.71 9   0 0 2   1.0
2377   rcc   6.89 7.25 9   0 0 2   1.0
2378   rcc   5.29 8.49 9   0 0 2   1.0
2379   rcc   3.47 9.38 9   0 0 2   1.0
2380   rcc   1.51 9.88 9   0 0 2   1.0
2381   rcc   -0.51 9.99 9   0 0 2   1.0
2382   rcc   -2.51 9.68 9   0 0 2   1.0
2383   rcc   -4.4 8.98 9   0 0 2   1.0
2384   rcc   -6.12 7.91 9   0 0 2   1.0
2385   rcc   -7.59 6.51 9   0 0 2   1.0
2386   rcc   -8.74 4.85 9   0 0 2   1.0
2387   rcc   -9.54 2.99 9   0 0 2   1.0
2388   rcc   -9.95 1.01 9   0 0 2   1.0
2389   rcc   -9.95 -1.01 9   0 0 2   1.0
2390   rcc   -9.54 -2.99 9   0 0 2   1.0
2391   rcc   -8.74 -4.85 9   0 0 2   1.0
2392   rcc   -7.59 -6.51 9   0 0 2   1.0
2393   rcc   -6.12 -7.91 9   0 0 2   1.0
2394   rcc   -4.4 -8.98 9   0 0 2   1.0
2395   rcc   -2.51 -9.68 9   0 0 2   1.0
2396   rcc   -0.51 -9.99 9   0 0 2   1.0
2397   rcc   1.51 -9.88 9   0 0 2   1.0
2398   rcc   3.47 -9.38 9   0 0 2   1.0
2399   rcc   5.29 -8.49 9   0 0 2   1.0
2400   rcc   6.89 -7.25 9   0 0 2   1.0
2401   rcc   8.21 -5.71 9   0 0 2   1.0
2402   rcc   9.19 -3.94 9   0 0 2   1.0
2403   rcc   9.8 -2.01 9   0 0 2   1.0
2404   rcc   10.0 0.0 11   0 0 2   1.0
2405   rcc   9.8 2.01 11   0 0 2   1.0
2406   rcc   9.19 3.94 11   0 0 2   1.0
2407   rcc   8.21 5.71 11   0 0 2   1.0
2408   rcc   6.89 7.25 11   0 0 2   1.0
2409   rcc   5.29 8.49 11   0 0 2   1.0
2410   rcc   3.47 9.38 11   0 0 2   1.0
2411   rcc   1.51 9.88 11   0 0 2   1.0
2412   rcc   -0.51 9.99 11   0 0 2   1.0
2413   rcc   -2.51 9.68 11   0 0 2   1.0
2414   rcc   -4.4 8.98 11   0 0 2   1.0
2415   rcc   -6.12 7.91 11   0 0 2   1.0
2416   rcc   -7.59 6.51 11   0 0 2   1.0
2417   rcc   -8.74 4.85 11   0 0 2   1.0
2418   rcc   -9.54 2.99 11   0 0 2   1.0
2419   rcc   -9.95 1.01 11   0 0 2   1.0
2420   rcc   -9.95 -1.01 11   0 0 2   1.0
2421   rcc   -9.54 -2.99 11   0 0 2   1.0
2422   rcc   -8.74 -4.85 11   0 0 2   1.0
2423   rcc   -7.59 -6.51 11   0 0 2   1.0
2424   rcc   -6.12 -7.91 11   0 0 2   1.0
2425   rcc   -4.4 -8.98 11   0 0 2   1.0
2426   rcc   -2.51 -9.68 11   0 0 2   1.0
2427   rcc   -0.51 -9.99 11   0 0 2   1.0
2428   rcc   1.51 -9.88 11   0 0 2   1.0
2429   rcc   3.47 -9.38 11   0 0 2   1.0
2430   rcc   5.29 -8.49 11   0 0 2   1.0
2431   rcc   6.89 -7.25 11   0 0 2   1.0
2432   rcc   8.21 -5.71 11   0 0 2   1.0
2433   rcc   9.19 -3.94 11   0 0 2   1.0
2434   rcc   9.8 -2.01 11   0 0 2   1.0
2435   rcc   10.0 0.0 13   0 0 2   1.0
2436   rcc   9.8 2.01 13   0 0 2   1.0
2437   rcc   9.19 3.94 13   0 0 2   1.0
2438   rcc   8.21 5.71 13   0 0 2   1.0
2439   rcc   6.89 7.25 13   0 0 2   1.0
2440   rcc   5.29 8.49 13   0 0 2   1.0
2441   rcc   3.47 9.38 13   0 0 2   1.0
2442   rcc   1.51 9.88 13   0 0 2   1.0
2443   rcc   -0.51 9.99 13   0 0 2   1.0
2444   rcc   -2.51 9.68 13   0 0 2   1.0
2445   rcc   -4.4 8.98 13   0 0 2   1.0
2446   rcc   -6.12 7.91 13   0 0 2   1.0
2447   rcc   -7.59 6.51 13   0 0 2   1.0
2448   rcc   -8.74 4.85 13   0 0 2   1.0
2449   rcc   -9.54 2.99 13   0 0 2   1.0
2450   rcc   -9.95 1.01 13   0 0 2   1.0
2451   rcc   -9.95 -1.01 13   0 0 2   1.0
2452   rcc   -9.54 -2.99 13   0 0 2   1.0
2453   rcc   -8.74 -4.85 13   0 0 2   1.0
2454   rcc   -7.59 -6.51 13   0 0 2   1.0
2455   rcc   -6.12 -7.91 13   0 0 2   1.0
2456   rcc   -4.4 -8.98 13   0 0 2   1.0
2457   rcc   -2.51 -9.68 13   0 0 2   1.0
2458   rcc   -0.51 -9.99 13   0 0 2   1.0
2459   rcc   1.51 -9.88 13   0 0 2   1.0
2460   rcc   3.47 -9.38 13   0 0 2   1.0
2461   rcc   5.29 -8.49 13   0 0 2   1.0
2462   rcc   6.89 -7.25 13   0 0 2   1.0
2463   rcc   8.21 -5.71 13   0 0 2   1.0
2464   rcc   9.19 -3.94 13   0 0 2   1.0
2465   rcc   9.8 -2.01 13   0 0 2   1.0
3001   rpp   -11 -9 -1 1 15.3 17.3
3002   rpp   -9 -7 -1 1 15.3 17.3
3003   rpp   -7 -5 -1 1 15.3 17.3
3004   rpp   -5 -3 -1 1 15.3 17.3
3005   rpp   -3 -1 -1 1 15.3 17.3
3006   rpp   -1 1 -1 1 15.3 17.3
3007   rpp   1 3 -1 1 15.3 17.3
3008   rpp   3 5 -1 1 15.3 17.3
3009   rpp   5 7 -1 1 15.3 17.3
3010   rpp   7 9 -1 1 15.3 17.3
3011   rpp   9 11 -1 1 15.3 17.3
3012   rpp   -10 -8 1 3 15.3 17.3
3013   rpp   -8 -6 1 3 15.3 17.3
3014   rpp   -6 -4 1 3 15.3 17.3
3015   rpp   -4 -2 1 3 15.3 17.3
3016   rpp   -2 0 1 3 15.3 17.3
3017   rpp    0 2 1 3 15.3 17.3
3018   rpp   2 4 1 3 15.3 17.3
3019   rpp   4 6 1 3 15.3 17.3
3020   rpp   6 8 1 3 15.3 17.3
3021   rpp   8 10 1 3 15.3 17.3
3022   rpp   -9 -7 3 5 15.3 17.3
3023   rpp   -7 -5 3 5 15.3 17.3
3024   rpp   -5 -3 3 5 15.3 17.3
3025   rpp   -3 -1 3 5 15.3 17.3
3026   rpp   -1 1 3 5 15.3 17.3
3027   rpp    1 3 3 5 15.3 17.3
3028   rpp   3 5 3 5 15.3 17.3
3029   rpp   5 7 3 5 15.3 17.3
3030   rpp   7 9 3 5 15.3 17.3
3031   rpp   -8 -6 5 7 15.3 17.3
3032   rpp   -6 -4 5 7 15.3 17.3
3033   rpp   -4 -2 5 7 15.3 17.3
3034   rpp   -2 0 5 7 15.3 17.3
3035   rpp   0 2 5 7 15.3 17.3
3036   rpp    2 4 5 7 15.3 17.3
3037   rpp   4 6 5 7 15.3 17.3
3038   rpp   6 8 5 7 15.3 17.3
3039   rpp   -6 -4 7 9 15.3 17.3
3040   rpp   -4 -2 7 9 15.3 17.3
3041   rpp   -2 0 7 9 15.3 17.3
3042   rpp   0 2 7 9 15.3 17.3
3043   rpp   2 4 7 9 15.3 17.3
3044   rpp    4 6 7 9 15.3 17.3
3045   rpp   -2 0 9 11 15.3 17.3
3046   rpp   0 2 9 11 15.3 17.3
3047   rpp   -10 -8 -3 -1 15.3 17.3
3048   rpp   -8 -6 -3 -1 15.3 17.3
3049   rpp   -6 -4 -3 -1 15.3 17.3
3050   rpp   -4 -2 -3 -1 15.3 17.3
3051   rpp   -2 0 -3 -1 15.3 17.3
3052   rpp    0 2 -3 -1 15.3 17.3
3053   rpp   2 4 -3 -1 15.3 17.3
3054   rpp   4 6 -3 -1 15.3 17.3
3055   rpp   6 8 -3 -1 15.3 17.3
3056   rpp   8 10 -3 -1 15.3 17.3
3057   rpp   -9 -7 -5 -3 15.3 17.3
3058   rpp   -7 -5 -5 -3 15.3 17.3
3059   rpp   -5 -3 -5 -3 15.3 17.3
3060   rpp   -3 -1 -5 -3 15.3 17.3
3061   rpp   -1 1 -5 -3 15.3 17.3
3062   rpp    1 3 -5 -3 15.3 17.3
3063   rpp   3 5 -5 -3 15.3 17.3
3064   rpp   5 7 -5 -3 15.3 17.3
3065   rpp   7 9 -5 -3 15.3 17.3
3066   rpp   -8 -6 -7 -5 15.3 17.3
3067   rpp   -6 -4 -7 -5 15.3 17.3
3068   rpp   -4 -2 -7 -5 15.3 17.3
3069   rpp   -2 0 -7 -5 15.3 17.3
3070   rpp   0 2 -7 -5 15.3 17.3
3071   rpp    2 4 -7 -5 15.3 17.3
3072   rpp   4 6 -7 -5 15.3 17.3
3073   rpp   6 8 -7 -5 15.3 17.3
3074   rpp   -6 -4 -9 -7 15.3 17.3
3075   rpp   -4 -2 -9 -7 15.3 17.3
3076   rpp   -2 0 -9 -7 15.3 17.3
3077   rpp   0 2 -9 -7 15.3 17.3
3078   rpp   2 4 -9 -7 15.3 17.3
3079   rpp    4 6 -9 -7 15.3 17.3
3080   rpp   -2 0 -11 -9 15.3 17.3
3081   rpp   0 2 -11 -9 15.3 17.3
3082   rpp   -11 -9 -1 1 17.3 19.3
3083   rpp   -9 -7 -1 1 17.3 19.3
3084   rpp   -7 -5 -1 1 17.3 19.3
3085   rpp   -5 -3 -1 1 17.3 19.3
3086   rpp   -3 -1 -1 1 17.3 19.3
3087   rpp   -1 1 -1 1 17.3 19.3
3088   rpp   1 3 -1 1 17.3 19.3
3089   rpp   3 5 -1 1 17.3 19.3
3090   rpp   5 7 -1 1 17.3 19.3
3091   rpp   7 9 -1 1 17.3 19.3
3092   rpp   9 11 -1 1 17.3 19.3
3093   rpp   -10 -8 1 3 17.3 19.3
3094   rpp   -8 -6 1 3 17.3 19.3
3095   rpp   -6 -4 1 3 17.3 19.3
3096   rpp   -4 -2 1 3 17.3 19.3
3097   rpp   -2 0 1 3 17.3 19.3
3098   rpp    0 2 1 3 17.3 19.3
3099   rpp   2 4 1 3 17.3 19.3
3100   rpp   4 6 1 3 17.3 19.3
3101   rpp   6 8 1 3 17.3 19.3
3102   rpp   8 10 1 3 17.3 19.3
3103   rpp   -9 -7 3 5 17.3 19.3
3104   rpp   -7 -5 3 5 17.3 19.3
3105   rpp   -5 -3 3 5 17.3 19.3
3106   rpp   -3 -1 3 5 17.3 19.3
3107   rpp   -1 1 3 5 17.3 19.3
3108   rpp    1 3 3 5 17.3 19.3
3109   rpp   3 5 3 5 17.3 19.3
3110   rpp   5 7 3 5 17.3 19.3
3111   rpp   7 9 3 5 17.3 19.3
3112   rpp   -8 -6 5 7 17.3 19.3
3113   rpp   -6 -4 5 7 17.3 19.3
3114   rpp   -4 -2 5 7 17.3 19.3
3115   rpp   -2 0 5 7 17.3 19.3
3116   rpp   0 2 5 7 17.3 19.3
3117   rpp    2 4 5 7 17.3 19.3
3118   rpp   4 6 5 7 17.3 19.3
3119   rpp   6 8 5 7 17.3 19.3
3120   rpp   -6 -4 7 9 17.3 19.3
3121   rpp   -4 -2 7 9 17.3 19.3
3122   rpp   -2 0 7 9 17.3 19.3
3123   rpp   0 2 7 9 17.3 19.3
3124   rpp   2 4 7 9 17.3 19.3
3125   rpp    4 6 7 9 17.3 19.3
3126   rpp   -2 0 9 11 17.3 19.3
3127   rpp   0 2 9 11 17.3 19.3
3128   rpp   -10 -8 -3 -1 17.3 19.3
3129   rpp   -8 -6 -3 -1 17.3 19.3
3130   rpp   -6 -4 -3 -1 17.3 19.3
3131   rpp   -4 -2 -3 -1 17.3 19.3
3132   rpp   -2 0 -3 -1 17.3 19.3
3133   rpp    0 2 -3 -1 17.3 19.3
3134   rpp   2 4 -3 -1 17.3 19.3
3135   rpp   4 6 -3 -1 17.3 19.3
3136   rpp   6 8 -3 -1 17.3 19.3
3137   rpp   8 10 -3 -1 17.3 19.3
3138   rpp   -9 -7 -5 -3 17.3 19.3
3139   rpp   -7 -5 -5 -3 17.3 19.3
3140   rpp   -5 -3 -5 -3 17.3 19.3
3141   rpp   -3 -1 -5 -3 17.3 19.3
3142   rpp   -1 1 -5 -3 17.3 19.3
3143   rpp    1 3 -5 -3 17.3 19.3
3144   rpp   3 5 -5 -3 17.3 19.3
3145   rpp   5 7 -5 -3 17.3 19.3
3146   rpp   7 9 -5 -3 17.3 19.3
3147   rpp   -8 -6 -7 -5 17.3 19.3
3148   rpp   -6 -4 -7 -5 17.3 19.3
3149   rpp   -4 -2 -7 -5 17.3 19.3
3150   rpp   -2 0 -7 -5 17.3 19.3
3151   rpp   0 2 -7 -5 17.3 19.3
3152   rpp    2 4 -7 -5 17.3 19.3
3153   rpp   4 6 -7 -5 17.3 19.3
3154   rpp   6 8 -7 -5 17.3 19.3
3155   rpp   -6 -4 -9 -7 17.3 19.3
3156   rpp   -4 -2 -9 -7 17.3 19.3
3157   rpp   -2 0 -9 -7 17.3 19.3
3158   rpp   0 2 -9 -7 17.3 19.3
3159   rpp   2 4 -9 -7 17.3 19.3
3160   rpp    4 6 -9 -7 17.3 19.3
3161   rpp   -2 0 -11 -9 17.3 19.3
3162   rpp   0 2 -11 -9 17.3 19.3
3163   rpp   -11 -9 -1 1 19.3 21.3
3164   rpp   -9 -7 -1 1 19.3 21.3
3165   rpp   -7 -5 -1 1 19.3 21.3
3166   rpp   -5 -3 -1 1 19.3 21.3
3167   rpp   -3 -1 -1 1 19.3 21.3
3168   rpp   -1 1 -1 1 19.3 21.3
3169   rpp   1 3 -1 1 19.3 21.3
3170   rpp   3 5 -1 1 19.3 21.3
3171   rpp   5 7 -1 1 19.3 21.3
3172   rpp   7 9 -1 1 19.3 21.3
3173   rpp   9 11 -1 1 19.3 21.3
3174   rpp   -10 -8 1 3 19.3 21.3
3175   rpp   -8 -6 1 3 19.3 21.3
3176   rpp   -6 -4 1 3 19.3 21.3
3177   rpp   -4 -2 1 3 19.3 21.3
3178   rpp   -2 0 1 3 19.3 21.3
3179   rpp    0 2 1 3 19.3 21.3
3180   rpp   2 4 1 3 19.3 21.3
3181   rpp   4 6 1 3 19.3 21.3
3182   rpp   6 8 1 3 19.3 21.3
3183   rpp   8 10 1 3 19.3 21.3
3184   rpp   -9 -7 3 5 19.3 21.3
3185   rpp   -7 -5 3 5 19.3 21.3
3186   rpp   -5 -3 3 5 19.3 21.3
3187   rpp   -3 -1 3 5 19.3 21.3
3188   rpp   -1 1 3 5 19.3 21.3
3189   rpp    1 3 3 5 19.3 21.3
3190   rpp   3 5 3 5 19.3 21.3
3191   rpp   5 7 3 5 19.3 21.3
3192   rpp   7 9 3 5 19.3 21.3
3193   rpp   -8 -6 5 7 19.3 21.3
3194   rpp   -6 -4 5 7 19.3 21.3
3195   rpp   -4 -2 5 7 19.3 21.3
3196   rpp   -2 0 5 7 19.3 21.3
3197   rpp   0 2 5 7 19.3 21.3
3198   rpp    2 4 5 7 19.3 21.3
3199   rpp   4 6 5 7 19.3 21.3
3200   rpp   6 8 5 7 19.3 21.3
3201   rpp   -6 -4 7 9 19.3 21.3
3202   rpp   -4 -2 7 9 19.3 21.3
3203   rpp   -2 0 7 9 19.3 21.3
3204   rpp   0 2 7 9 19.3 21.3
3205   rpp   2 4 7 9 19.3 21.3
3206   rpp    4 6 7 9 19.3 21.3
3207   rpp   -2 0 9 11 19.3 21.3
3208   rpp   0 2 9 11 19.3 21.3
3209   rpp   -10 -8 -3 -1 19.3 21.3
3210   rpp   -8 -6 -3 -1 19.3 21.3
3211   rpp   -6 -4 -3 -1 19.3 21.3
3212   rpp   -4 -2 -3 -1 19.3 21.3
3213   rpp   -2 0 -3 -1 19.3 21.3
3214   rpp    0 2 -3 -1 19.3 21.3
3215   rpp   2 4 -3 -1 19.3 21.3
3216   rpp   4 6 -3 -1 19.3 21.3
3217   rpp   6 8 -3 -1 19.3 21.3
3218   rpp   8 10 -3 -1 19.3 21.3
3219   rpp   -9 -7 -5 -3 19.3 21.3
3220   rpp   -7 -5 -5 -3 19.3 21.3
3221   rpp   -5 -3 -5 -3 19.3 21.3
3222   rpp   -3 -1 -5 -3 19.3 21.3
3223   rpp   -1 1 -5 -3 19.3 21.3
3224   rpp    1 3 -5 -3 19.3 21.3
3225   rpp   3 5 -5 -3 19.3 21.3
3226   rpp   5 7 -5 -3 19.3 21.3
3227   rpp   7 9 -5 -3 19.3 21.3
3228   rpp   -8 -6 -7 -5 19.3 21.3
3229   rpp   -6 -4 -7 -5 19.3 21.3
3230   rpp   -4 -2 -7 -5 19.3 21.3
3231   rpp   -2 0 -7 -5 19.3 21.3
3232   rpp   0 2 -7 -5 19.3 21.3
3233   rpp    2 4 -7 -5 19.3 21.3
3234   rpp   4 6 -7 -5 19.3 21.3
3235   rpp   6 8 -7 -5 19.3 21.3
3236   rpp   -6 -4 -9 -7 19.3 21.3
3237   rpp   -4 -2 -9 -7 19.3 21.3
3238   rpp   -2 0 -9 -7 19.3 21.3
3239   rpp   0 2 -9 -7 19.3 21.3
3240   rpp   2 4 -9 -7 19.3 21.3
3241   rpp    4 6 -9 -7 19.3 21.3
3242   rpp   -2 0 -11 -9 19.3 21.3
3243   rpp   0 2 -11 -9 19.3 21.3

c  Data for Controlling cards
mode n
c IMP:n 0 0 0 1 16 8 4 2 1 1 239R 8 344R 4 464R 2 569R
c IMP:n 0 1 8 4 2 8 4 2 1 8 239R 4 344R 2 464R 8 80R 4 80R 2 80R
IMP:n 0 0 1 1 1 1 1 1 1 1 1 239R 1 344R 1 464R 1 80R 1 80R 1 80R
c
c =============== MATERIALS ===============================
m82   82000.               1           $ lead
c m82   6000                 0.000150      $ air
c      7014                 0.784431
c      8016                 0.210748
c      18000                0.004671
m112  1001                 0.627759
      5011                 0.046690
      6012                 0.325552    $ Borated Polyethylene, HC
m5355 55133                2.0         $ CLYC (density = 3.31 g/cc)
      3006                 0.05
      3007                 0.95
      39089                1.0
      17035                4.5456
      17037                1.4544
c m5355 53127.74c            0.499999
c      55133.74c            0.500012    $ Iodide and Cesium
c ================= SOURCE TERM ==================
SDEF ERG = 2.00 POS 51.5 85.7 110 VEC= -0.3 -0.6 -0.7 DIR=d1 WGT 20 par=n
SI1 -1 0.98 1
SP1 0 0.99 0.01
SB1 0. 0. 1.
c
c ================= TALLIES ==================
c FMESH104:p geom=xyz origin -100 -0.5 -100
c                       imesh  100          iints 200
c                       jmesh      0.5     jints   1
c                       kmesh           100 kints 200 
f4:n 7777
e4 0.05 12i 5
fc4 *Neutron Flux In Detector*
fq4 e f
c
c CTME  1
NPS  1.0E+5
