message: runtpe=DDRS3_rand2.runtpe
         outp=DDRS3_rand2.outp
         meshtal=DDRS3_rand2.meshtal

c
c Title: MCNP input file for NDTGamma project
c Authors: Ivan Novikov (ivan.novikov@wku.edu), Devon Loomis
c Description:
c  The very first model for DDRS experiment
c
c
c
c =============== CELL CARDS ===============
c
5555   0      -5555
4444   0      -4444
6666   0      6666
7777   5355   -3.31 -7777        $detector filled with CLYC
8888   6466   -2.7  -8888
8001   0      7777 8888 -8001
              1 2 3 4 5 6 7 8 9 10
              11 12 13 14 15 16 17 18 19 20
              21 22 23 24 25 26 27 28 29 30
              31 32 33 34 35 36 37 38 39 40
              41 42 43 44 45 46 47 48 49 50
              51 52 53 54 55 56 57 58 59 60
8002   0      8001 -8002
              1001 1002 1003 1004 1005 1006 1007 1008 1009 1010
              1011 1012 1013 1014 1015 1016 1017 1018 1019 1020
              1021 1022 1023 1024 1025 1026 1027 1028 1029 1030
              1031 1032 1033 1034 1035 1036 1037 1038 1039 1040
              1041 1042 1043 1044 1045 1046 1047 1048 1049 1050
              1051 1052 1053 1054 1055 1056 1057 1058 1059 1060
              1061 1062 1063 1064 1065 1066 1067 1068 1069 1070
              1071 1072 1073 1074 1075 1076 1077 1078 1079 1080
              1081 1082 1083 1084 1085 1086 1087 1088 1089 1090
              1091 1092 1093 1094 1095 1096
c 8004   0      8002 -8004
c               $ 3002 3003
c               3004 3005 3006 3007 3008
c               $ 3009 3010 3011 3012
c               3013 3014 3015 3016
c               $ 3017 3018 3019 3020
c               3021 3022 3023 
c               $ 3024 3025 3026 3027 3028 3029 3030
c               $ 3031 3032 3033 3034 3035
c               3036 3037 3038 3039
c               $ 3040
c               $ 3041 3042 3043
c               3044 3045 3046
c               $ 3047 3048 3049 3050
c               $ 3051 3052 3053 3054 3055 3056 
c 8005   0      8004 -8005
c               $ 3057 3058 
c               3059 3060
c               3061 3062 3063
c               $ 3064 3065 3066 3067
c               3068 3069 3070
c               3071
c               $ 3072 3073 3074 3075
c               3076 3077 3078
c               $ 3079 3080 3081 3082
c               $ 3083 3084 3085 3086 3087 3088
c               $ 3089 3090
c               3091
c               3092 3093 3094 
c               $ 3095 3096 
c               $ 3097
c               $ 3098
c               3099 3100 3101
c              $ 3102 3103 3104 3105 3106 3107 3108 3109 3110 3111 
9999   0       -6666 8002 4444 5555
c 9999   0       -6666 8003 $ 4444 5555
c SHELLS
1    82    -11.5 -1
2    82   -11.5 -2
3    82    -11.5 -3
4    112   -1.07 -4
5    82    -11.5 -5
6    82    -11.5 -6
7    82   -11.5 -7
8    82    -11.5 -8
9    82   -11.5 -9
10    82   -11.5 -10
11    112   -1.07 -11
12    82    -11.5 -12
13    82    -11.5 -13
14    82    -11.5 -14
15    82    -11.5 -15
16    112   -1.07 -16
17    82   -11.5 -17
18    82   -11.5 -18
19    82    -11.5 -19
20    82   -11.5 -20
21    82   -11.5 -21
22    82   -11.5 -22
23    82   -11.5 -23
24    112   -1.07 -24
25    82    -11.5 -25
26    112   -1.07 -26
27    82    -11.5 -27
28    82    -11.5 -28
29    82    -11.5 -29
30    112   -1.07 -30
31    82    -11.5 -31
32    82    -11.5 -32
33    82   -11.5 -33
34    82   -11.5 -34
35    112   -1.07 -35
36    82    -11.5 -36
37    112   -1.07 -37
38    112   -1.07 -38
39    112   -1.07 -39
40    82    -11.5 -40
41    82   -11.5 -41
42    112   -1.07 -42
43    82   -11.5 -43
44    112   -1.07 -44
45    82   -11.5 -45
46    82   -11.5 -46
47    82    -11.5 -47
48    112   -1.07 -48
49    112   -1.07 -49
50    82    -11.5 -50
51    112   -1.07 -51
52    82    -11.5 -52
53    82    -11.5 -53
54    82    -11.5 -54
55    82   -11.5 -55
56    82   -11.5 -56
57    82    -11.5 -57
58    82    -11.5 -58
59    112   -1.07 -59
60    112   -1.07 -60
1001    82   -11.5 -1001
1002    82   -11.5 -1002
1003    82    -11.5 -1003
1004    112   -1.07 -1004
1005    82    -11.5 -1005
1006    82   -11.5 -1006
1007    82    -11.5 -1007
1008    82   -11.5 -1008
1009    82    -11.5 -1009
1010    82    -11.5 -1010
1011    82   -11.5 -1011
1012    82    -11.5 -1012
1013    82    -11.5 -1013
1014    82   -11.5 -1014
1015    82    -11.5 -1015
1016    82    -11.5 -1016
1017    82    -11.5 -1017
1018    112   -1.07 -1018
1019    82   -11.5 -1019
1020    112   -1.07 -1020
1021    82    -11.5 -1021
1022    112   -1.07 -1022
1023    82    -11.5 -1023
1024    82    -11.5 -1024
1025    82    -11.5 -1025
1026    112   -1.07 -1026
1027    112   -1.07 -1027
1028    82    -11.5 -1028
1029    112   -1.07 -1029
1030    112   -1.07 -1030
1031    82    -11.5 -1031
1032    82    -11.5 -1032
1033    82    -11.5 -1033
1034    112   -1.07 -1034
1035    112   -1.07 -1035
1036    82    -11.5 -1036
1037    82    -11.5 -1037
1038    82    -11.5 -1038
1039    82    -11.5 -1039
1040    82    -11.5 -1040
1041    82    -11.5 -1041
1042    112   -1.07 -1042
1043    82    -11.5 -1043
1044    82   -11.5 -1044
1045    82   -11.5 -1045
1046    112   -1.07 -1046
1047    112   -1.07 -1047
1048    82    -11.5 -1048
1049    82    -11.5 -1049
1050    112   -1.07 -1050
1051    82    -11.5 -1051
1052    112   -1.07 -1052
1053    112   -1.07 -1053
1054    82    -11.5 -1054
1055    82    -11.5 -1055
1056    82    -11.5 -1056
1057    112   -1.07 -1057
1058    82    -11.5 -1058
1059    82    -11.5 -1059
1060    82   -11.5 -1060
1061    82   -11.5 -1061
1062    82   -11.5 -1062
1063    112   -1.07 -1063
1064    112   -1.07 -1064
1065    82    -11.5 -1065
1066    82    -11.5 -1066
1067    112   -1.07 -1067
1068    82    -11.5 -1068
1069    112   -1.07 -1069
1070    82    -11.5 -1070
1071    82    -11.5 -1071
1072    112   -1.07 -1072
1073    82    -11.5 -1073
1074    82   -11.5 -1074
1075    82    -11.5 -1075
1076    112   -1.07 -1076
1077    82   -11.5 -1077
1078    82   -11.5 -1078
1079    82   -11.5 -1079
1080    82   -11.5 -1080
1081    82   -11.5 -1081
1082    82    -11.5 -1082
1083    112   -1.07 -1083
1084    112   -1.07 -1084
1085    82    -11.5 -1085
1086    82    -11.5 -1086
1087    82    -11.5 -1087
1088    82    -11.5 -1088
1089    82    -11.5 -1089
1090    112   -1.07 -1090
1091    82    -11.5 -1091
1092    82    -11.5 -1092
1093    82    -11.5 -1093
1094    82    -11.5 -1094
1095    82    -11.5 -1095
1096    112   -1.07 -1096
c c 3002    112   -1.07 -3002
c c 3003    82    -11.5 -3003
c 3004    112   -1.07 -3004
c 3005    82    -11.5 -3005
c 3006    112   -1.07 -3006
c 3007    112   -1.07 -3007
c 3008    82    -11.5 -3008
c 3009    82    -11.5 -3009
c 3010    82   -11.5 -3010
c 3011    82   -11.5 -3011
c 3012    112   -1.07 -3012
c 3013    82    -11.5 -3013
c 3014    112   -1.07 -3014
c 3015    82    -11.5 -3015
c 3016    82    -11.5 -3016
c c 3017    82    -11.5 -3017
c c 3018    82    -11.5 -3018
c c 3019    82    -11.5 -3019
c c 3020    82    -11.5 -3020
c 3021    112   -1.07 -3021
c 3022    82   -11.5 -3022
c 3023    82    -11.5 -3023
c c 3024    112   -1.07 -3024
c c 3025    82    -11.5 -3025
c c 3026    82   -11.5 -3026
c c 3027    82   -11.5 -3027
c c 3028    112   -1.07 -3028
c c 3029    82    -11.5 -3029
c c 3030    112   -1.07 -3030
c c 3031    82    -11.5 -3031
c c 3032    82   -11.5 -3032
c c 3033    82   -11.5 -3033
c c 3034    112   -1.07 -3034
c c 3035    82    -11.5 -3035
c 3036    82    -11.5 -3036
c 3037    82    -11.5 -3037
c 3038    112   -1.07 -3038
c 3039    82    -11.5 -3039
c c 3040    82    -11.5 -3040
c c 3041    112   -1.07 -3041
c c 3042    82   -11.5 -3042
c c 3043    112   -1.07 -3043
c 3044    82    -11.5 -3044
c 3045    82   -11.5 -3045
c 3046    112   -1.07 -3046
c c 3047    112   -1.07 -3047
c c 3048    112   -1.07 -3048
c c 3049    82    -11.5 -3049
c c 3050    82   -11.5 -3050
c c 3051    112   -1.07 -3051
c c 3052    82    -11.5 -3052
c c 3053    112   -1.07 -3053
c c 3054    82   -11.5 -3054
c c 3055    82   -11.5 -3055
c c 3056    112   -1.07 -3056
c c 3057    82    -11.5 -3057
c c 3058    82   -11.5 -3058
c 3059    82   -11.5 -3059
c 3060    112   -1.07 -3060
c 3061    82    -11.5 -3061
c 3062    82   -11.5 -3062
c 3063    82    -11.5 -3063
c c 3064    112   -1.07 -3064
c c 3065    112   -1.07 -3065
c c 3066    82    -11.5 -3066
c c 3067    82    -11.5 -3067
c 3068    82   -11.5 -3068
c 3069    82   -11.5 -3069
c 3070    112   -1.07 -3070
c 3071    112   -1.07 -3071
c c 3072    82    -11.5 -3072
c c 3073    82    -11.5 -3073
c c 3074    82    -11.5 -3074
c c 3075    112   -1.07 -3075
c 3076    112   -1.07 -3076
c 3077    82    -11.5 -3077
c 3078    82   -11.5 -3078
c c 3079    82   -11.5 -3079
c c 3080    112   -1.07 -3080
c c 3081    82    -11.5 -3081
c c 3082    82    -11.5 -3082
c c 3083    82    -11.5 -3083
c c 3084    112   -1.07 -3084
c c 3085    82    -11.5 -3085
c c 3086    82   -11.5 -3086
c c 3087    82    -11.5 -3087
c c 3088    82    -11.5 -3088
c c 3089    112   -1.07 -3089
c c 3090    82    -11.5 -3090
c 3091    112   -1.07 -3091
c 3092    112   -1.07 -3092
c 3093    82    -11.5 -3093
c 3094    82    -11.5 -3094
c c 3095    82    -11.5 -3095
c c 3096    82    -11.5 -3096
c c 3097    112   -1.07 -3097
c c 3098    82    -11.5 -3098
c 3099    82   -11.5 -3099
c 3100    82    -11.5 -3100
c 3101    82    -11.5 -3101
c c 3102    82   -11.5 -3102
c c 3103    82    -11.5 -3103
c c 3104    82    -11.5 -3104
c c 3105    82   -11.5 -3105
c c 3106    112   -1.07 -3106
c c 3107    82    -11.5 -3107
c c 3108    82   -11.5 -3108
c c 3109    82    -11.5 -3109
c c 3110    82   -11.5 -3110
c c 3111    82    -11.5 -3111

c =============== SURFACE CARDS ===============
c
5555    rcc   0 0 6.5    0 0 1.0  6.6   $Abosrber at Top of Mask
4444    rcc   0 0 -7.5    0 0 1.0  6.6   $Abosrber at Bottom of Mask
6666    s     0 0 0       200             $Universe
7777    rcc   0 0 0.0   0 0 2.5 1.25    $Detector
8888    rcc   0 0 -6.0   0 0 6.0 1.0    $PMT,HV Base
8001    rcc   0 0 -6.0   0 0 12   4.35    $Outside of SHELL 1
8002    rcc   0 0 -6.1   0 0 12.1 6.7    $Outside of SHELL 2
8004    rcc   0 0 -6.3   0 0 14.3 9.228   $top layer 1
8005    rcc   0 0 -6.4   0 0 16.4 9.23   $top layer 2
c ** SHELL SURFACE
1 rcc 3.3 0.0 -6 0 0 2  1.0
2 rcc 2.67 1.94 -6 0 0 2  1.0
3 rcc 1.02 3.14 -6 0 0 2  1.0
4 rcc -1.02 3.14 -6 0 0 2  1.0
5 rcc -2.67 1.94 -6 0 0 2  1.0
6 rcc -3.3 0.0 -6 0 0 2  1.0
7 rcc -2.67 -1.94 -6 0 0 2  1.0
8 rcc -1.02 -3.14 -6 0 0 2  1.0
9 rcc 1.02 -3.14 -6 0 0 2  1.0
10 rcc 2.67 -1.94 -6 0 0 2  1.0
11 rcc 3.3 0.0 -4 0 0 2  1.0
12 rcc 2.67 1.94 -4 0 0 2  1.0
13 rcc 1.02 3.14 -4 0 0 2  1.0
14 rcc -1.02 3.14 -4 0 0 2  1.0
15 rcc -2.67 1.94 -4 0 0 2  1.0
16 rcc -3.3 0.0 -4 0 0 2  1.0
17 rcc -2.67 -1.94 -4 0 0 2  1.0
18 rcc -1.02 -3.14 -4 0 0 2  1.0
19 rcc 1.02 -3.14 -4 0 0 2  1.0
20 rcc 2.67 -1.94 -4 0 0 2  1.0
21 rcc 3.3 0.0 -2 0 0 2  1.0
22 rcc 2.67 1.94 -2 0 0 2  1.0
23 rcc 1.02 3.14 -2 0 0 2  1.0
24 rcc -1.02 3.14 -2 0 0 2  1.0
25 rcc -2.67 1.94 -2 0 0 2  1.0
26 rcc -3.3 0.0 -2 0 0 2  1.0
27 rcc -2.67 -1.94 -2 0 0 2  1.0
28 rcc -1.02 -3.14 -2 0 0 2  1.0
29 rcc 1.02 -3.14 -2 0 0 2  1.0
30 rcc 2.67 -1.94 -2 0 0 2  1.0
31 rcc 3.3 0.0 0 0 0 2  1.0
32 rcc 2.67 1.94 0 0 0 2  1.0
33 rcc 1.02 3.14 0 0 0 2  1.0
34 rcc -1.02 3.14 0 0 0 2  1.0
35 rcc -2.67 1.94 0 0 0 2  1.0
36 rcc -3.3 0.0 0 0 0 2  1.0
37 rcc -2.67 -1.94 0 0 0 2  1.0
38 rcc -1.02 -3.14 0 0 0 2  1.0
39 rcc 1.02 -3.14 0 0 0 2  1.0
40 rcc 2.67 -1.94 0 0 0 2  1.0
41 rcc 3.3 0.0 2 0 0 2  1.0
42 rcc 2.67 1.94 2 0 0 2  1.0
43 rcc 1.02 3.14 2 0 0 2  1.0
44 rcc -1.02 3.14 2 0 0 2  1.0
45 rcc -2.67 1.94 2 0 0 2  1.0
46 rcc -3.3 0.0 2 0 0 2  1.0
47 rcc -2.67 -1.94 2 0 0 2  1.0
48 rcc -1.02 -3.14 2 0 0 2  1.0
49 rcc 1.02 -3.14 2 0 0 2  1.0
50 rcc 2.67 -1.94 2 0 0 2  1.0
51 rcc 3.3 0.0 4 0 0 2  1.0
52 rcc 2.67 1.94 4 0 0 2  1.0
53 rcc 1.02 3.14 4 0 0 2  1.0
54 rcc -1.02 3.14 4 0 0 2  1.0
55 rcc -2.67 1.94 4 0 0 2  1.0
56 rcc -3.3 0.0 4 0 0 2  1.0
57 rcc -2.67 -1.94 4 0 0 2  1.0
58 rcc -1.02 -3.14 4 0 0 2  1.0
59 rcc 1.02 -3.14 4 0 0 2  1.0
60 rcc 2.67 -1.94 4 0 0 2  1.0
1001 rcc 5.6 0.0 -6 0 0 2  1.0
1002 rcc 5.17 2.14 -6 0 0 2  1.0
1003 rcc 3.96 3.96 -6 0 0 2  1.0
1004 rcc 2.14 5.17 -6 0 0 2  1.0
1005 rcc 0.0 5.6 -6 0 0 2  1.0
1006 rcc -2.14 5.17 -6 0 0 2  1.0
1007 rcc -3.96 3.96 -6 0 0 2  1.0
1008 rcc -5.17 2.14 -6 0 0 2  1.0
1009 rcc -5.6 0.0 -6 0 0 2  1.0
1010 rcc -5.17 -2.14 -6 0 0 2  1.0
1011 rcc -3.96 -3.96 -6 0 0 2  1.0
1012 rcc -2.14 -5.17 -6 0 0 2  1.0
1013 rcc -0.0 -5.6 -6 0 0 2  1.0
1014 rcc 2.14 -5.17 -6 0 0 2  1.0
1015 rcc 3.96 -3.96 -6 0 0 2  1.0
1016 rcc 5.17 -2.14 -6 0 0 2  1.0
1017 rcc 5.6 0.0 -4 0 0 2  1.0
1018 rcc 5.17 2.14 -4 0 0 2  1.0
1019 rcc 3.96 3.96 -4 0 0 2  1.0
1020 rcc 2.14 5.17 -4 0 0 2  1.0
1021 rcc 0.0 5.6 -4 0 0 2  1.0
1022 rcc -2.14 5.17 -4 0 0 2  1.0
1023 rcc -3.96 3.96 -4 0 0 2  1.0
1024 rcc -5.17 2.14 -4 0 0 2  1.0
1025 rcc -5.6 0.0 -4 0 0 2  1.0
1026 rcc -5.17 -2.14 -4 0 0 2  1.0
1027 rcc -3.96 -3.96 -4 0 0 2  1.0
1028 rcc -2.14 -5.17 -4 0 0 2  1.0
1029 rcc -0.0 -5.6 -4 0 0 2  1.0
1030 rcc 2.14 -5.17 -4 0 0 2  1.0
1031 rcc 3.96 -3.96 -4 0 0 2  1.0
1032 rcc 5.17 -2.14 -4 0 0 2  1.0
1033 rcc 5.6 0.0 -2 0 0 2  1.0
1034 rcc 5.17 2.14 -2 0 0 2  1.0
1035 rcc 3.96 3.96 -2 0 0 2  1.0
1036 rcc 2.14 5.17 -2 0 0 2  1.0
1037 rcc 0.0 5.6 -2 0 0 2  1.0
1038 rcc -2.14 5.17 -2 0 0 2  1.0
1039 rcc -3.96 3.96 -2 0 0 2  1.0
1040 rcc -5.17 2.14 -2 0 0 2  1.0
1041 rcc -5.6 0.0 -2 0 0 2  1.0
1042 rcc -5.17 -2.14 -2 0 0 2  1.0
1043 rcc -3.96 -3.96 -2 0 0 2  1.0
1044 rcc -2.14 -5.17 -2 0 0 2  1.0
1045 rcc -0.0 -5.6 -2 0 0 2  1.0
1046 rcc 2.14 -5.17 -2 0 0 2  1.0
1047 rcc 3.96 -3.96 -2 0 0 2  1.0
1048 rcc 5.17 -2.14 -2 0 0 2  1.0
1049 rcc 5.6 0.0 0 0 0 2  1.0
1050 rcc 5.17 2.14 0 0 0 2  1.0
1051 rcc 3.96 3.96 0 0 0 2  1.0
1052 rcc 2.14 5.17 0 0 0 2  1.0
1053 rcc 0.0 5.6 0 0 0 2  1.0
1054 rcc -2.14 5.17 0 0 0 2  1.0
1055 rcc -3.96 3.96 0 0 0 2  1.0
1056 rcc -5.17 2.14 0 0 0 2  1.0
1057 rcc -5.6 0.0 0 0 0 2  1.0
1058 rcc -5.17 -2.14 0 0 0 2  1.0
1059 rcc -3.96 -3.96 0 0 0 2  1.0
1060 rcc -2.14 -5.17 0 0 0 2  1.0
1061 rcc -0.0 -5.6 0 0 0 2  1.0
1062 rcc 2.14 -5.17 0 0 0 2  1.0
1063 rcc 3.96 -3.96 0 0 0 2  1.0
1064 rcc 5.17 -2.14 0 0 0 2  1.0
1065 rcc 5.6 0.0 2 0 0 2  1.0
1066 rcc 5.17 2.14 2 0 0 2  1.0
1067 rcc 3.96 3.96 2 0 0 2  1.0
1068 rcc 2.14 5.17 2 0 0 2  1.0
1069 rcc 0.0 5.6 2 0 0 2  1.0
1070 rcc -2.14 5.17 2 0 0 2  1.0
1071 rcc -3.96 3.96 2 0 0 2  1.0
1072 rcc -5.17 2.14 2 0 0 2  1.0
1073 rcc -5.6 0.0 2 0 0 2  1.0
1074 rcc -5.17 -2.14 2 0 0 2  1.0
1075 rcc -3.96 -3.96 2 0 0 2  1.0
1076 rcc -2.14 -5.17 2 0 0 2  1.0
1077 rcc -0.0 -5.6 2 0 0 2  1.0
1078 rcc 2.14 -5.17 2 0 0 2  1.0
1079 rcc 3.96 -3.96 2 0 0 2  1.0
1080 rcc 5.17 -2.14 2 0 0 2  1.0
1081 rcc 5.6 0.0 4 0 0 2  1.0
1082 rcc 5.17 2.14 4 0 0 2  1.0
1083 rcc 3.96 3.96 4 0 0 2  1.0
1084 rcc 2.14 5.17 4 0 0 2  1.0
1085 rcc 0.0 5.6 4 0 0 2  1.0
1086 rcc -2.14 5.17 4 0 0 2  1.0
1087 rcc -3.96 3.96 4 0 0 2  1.0
1088 rcc -5.17 2.14 4 0 0 2  1.0
1089 rcc -5.6 0.0 4 0 0 2  1.0
1090 rcc -5.17 -2.14 4 0 0 2  1.0
1091 rcc -3.96 -3.96 4 0 0 2  1.0
1092 rcc -2.14 -5.17 4 0 0 2  1.0
1093 rcc -0.0 -5.6 4 0 0 2  1.0
1094 rcc 2.14 -5.17 4 0 0 2  1.0
1095 rcc 3.96 -3.96 4 0 0 2  1.0
1096 rcc 5.17 -2.14 4 0 0 2  1.0
c c 3002   rpp   -9 -7 -1 1 6.0 8.0
c c 3003   rpp   -7 -5 -1 1 6.0 8.0
c 3004   rpp   -5 -3 -1 1 6.0 8.0
c 3005   rpp   -3 -1 -1 1 6.0 8.0
c 3006   rpp   -1 1 -1 1 6.0 8.0
c 3007   rpp   1 3 -1 1 6.0 8.0
c 3008   rpp   3 5 -1 1 6.0 8.0
c c 3009   rpp   5 7 -1 1 6.0 8.0
c c 3010   rpp   7 9 -1 1 6.0 8.0
c c 3011   rpp   -8 -6 1 3 6.0 8.0
c c 3012   rpp   -6 -4 1 3 6.0 8.0
c 3013   rpp   -4 -2 1 3 6.0 8.0
c 3014   rpp   -2 0 1 3 6.0 8.0
c 3015   rpp    0 2 1 3 6.0 8.0
c 3016   rpp   2 4 1 3 6.0 8.0
c c 3017   rpp   4 6 1 3 6.0 8.0
c c 3018   rpp   6 8 1 3 6.0 8.0
c c 3019   rpp   -7 -5 3 5 6.0 8.0
c c 3020   rpp   -5 -3 3 5 6.0 8.0
c 3021   rpp   -3 -1 3 5 6.0 8.0
c 3022   rpp   -1 1 3 5 6.0 8.0
c 3023   rpp    1 3 3 5 6.0 8.0
c c 3024   rpp   3 5 3 5 6.0 8.0
c c 3025   rpp   5 7 3 5 6.0 8.0
c c 3026   rpp   -6 -4 5 7 6.0 8.0
c c 3027   rpp   -4 -2 5 7 6.0 8.0
c c 3028   rpp   -2 0 5 7 6.0 8.0
c c 3029   rpp   0 2 5 7 6.0 8.0
c c 3030   rpp    2 4 5 7 6.0 8.0
c c 3031   rpp   4 6 5 7 6.0 8.0
c c 3032   rpp   -2 0 7 9 6.0 8.0
c c 3033   rpp   0 2 7 9 6.0 8.0
c c 3034   rpp   -8 -6 -3 -1 6.0 8.0
c c 3035   rpp   -6 -4 -3 -1 6.0 8.0
c 3036   rpp   -4 -2 -3 -1 6.0 8.0
c 3037   rpp   -2 0 -3 -1 6.0 8.0
c 3038   rpp    0 2 -3 -1 6.0 8.0
c 3039   rpp   2 4 -3 -1 6.0 8.0
c c 3040   rpp   4 6 -3 -1 6.0 8.0
c c 3041   rpp   6 8 -3 -1 6.0 8.0
c c 3042   rpp   -7 -5 -5 -3 6.0 8.0
c c 3043   rpp   -5 -3 -5 -3 6.0 8.0
c 3044   rpp   -3 -1 -5 -3 6.0 8.0
c 3045   rpp   -1 1 -5 -3 6.0 8.0
c 3046   rpp    1 3 -5 -3 6.0 8.0
c c 3047   rpp   3 5 -5 -3 6.0 8.0
c c 3048   rpp   5 7 -5 -3 6.0 8.0
c c 3049   rpp   -6 -4 -7 -5 6.0 8.0
c c 3050   rpp   -4 -2 -7 -5 6.0 8.0
c c 3051   rpp   -2 0 -7 -5 6.0 8.0
c c 3052   rpp   0 2 -7 -5 6.0 8.0
c c 3053   rpp    2 4 -7 -5 6.0 8.0
c c 3054   rpp   4 6 -7 -5 6.0 8.0
c c 3055   rpp   -2 0 -9 -7 6.0 8.0
c c 3056   rpp   0 2 -9 -7 6.0 8.0
c c 3057   rpp   -9 -7 -1 1 8.0 10.0
c c 3058   rpp   -7 -5 -1 1 8.0 10.0
c 3059   rpp   -5 -3 -1 1 8.0 10.0
c 3060   rpp   -3 -1 -1 1 8.0 10.0
c 3061   rpp   -1 1 -1 1 8.0 10.0
c 3062   rpp   1 3 -1 1 8.0 10.0
c 3063   rpp   3 5 -1 1 8.0 10.0
c c 3064   rpp   5 7 -1 1 8.0 10.0
c c 3065   rpp   7 9 -1 1 8.0 10.0
c c 3066   rpp   -8 -6 1 3 8.0 10.0
c c 3067   rpp   -6 -4 1 3 8.0 10.0
c 3068   rpp   -4 -2 1 3 8.0 10.0
c 3069   rpp   -2 0 1 3 8.0 10.0
c 3070   rpp    0 2 1 3 8.0 10.0
c 3071   rpp   2 4 1 3 8.0 10.0
c c 3072   rpp   4 6 1 3 8.0 10.0
c c 3073   rpp   6 8 1 3 8.0 10.0
c c 3074   rpp   -7 -5 3 5 8.0 10.0
c c 3075   rpp   -5 -3 3 5 8.0 10.0
c 3076   rpp   -3 -1 3 5 8.0 10.0
c 3077   rpp   -1 1 3 5 8.0 10.0
c 3078   rpp    1 3 3 5 8.0 10.0
c c 3079   rpp   3 5 3 5 8.0 10.0
c c 3080   rpp   5 7 3 5 8.0 10.0
c c 3081   rpp   -6 -4 5 7 8.0 10.0
c c 3082   rpp   -4 -2 5 7 8.0 10.0
c c 3083   rpp   -2 0 5 7 8.0 10.0
c c 3084   rpp   0 2 5 7 8.0 10.0
c c 3085   rpp    2 4 5 7 8.0 10.0
c c 3086   rpp   4 6 5 7 8.0 10.0
c c 3087   rpp   -2 0 7 9 8.0 10.0
c c 3088   rpp   0 2 7 9 8.0 10.0
c c 3089   rpp   -8 -6 -3 -1 8.0 10.0
c c 3090   rpp   -6 -4 -3 -1 8.0 10.0
c 3091   rpp   -4 -2 -3 -1 8.0 10.0
c 3092   rpp   -2 0 -3 -1 8.0 10.0
c 3093   rpp    0 2 -3 -1 8.0 10.0
c 3094   rpp   2 4 -3 -1 8.0 10.0
c c 3095   rpp   4 6 -3 -1 8.0 10.0
c c 3096   rpp   6 8 -3 -1 8.0 10.0
c c 3097   rpp   -7 -5 -5 -3 8.0 10.0
c c 3098   rpp   -5 -3 -5 -3 8.0 10.0
c 3099   rpp   -3 -1 -5 -3 8.0 10.0
c 3100   rpp   -1 1 -5 -3 8.0 10.0
c 3101   rpp    1 3 -5 -3 8.0 10.0
c c 3102   rpp   3 5 -5 -3 8.0 10.0
c c 3103   rpp   5 7 -5 -3 8.0 10.0
c c 3104   rpp   -6 -4 -7 -5 8.0 10.0
c c 3105   rpp   -4 -2 -7 -5 8.0 10.0
c c 3106   rpp   -2 0 -7 -5 8.0 10.0
c c 3107  rpp   0 2 -7 -5 8.0 10.0
c c 3108   rpp    2 4 -7 -5 8.0 10.0
c c 3109   rpp   4 6 -7 -5 8.0 10.0
c c 3110   rpp   -2 0 -9 -7 8.0 10.0
c c 3111   rpp   0 2 -9 -7 8.0 10.0

c  Data for Controlling cards
c RAND SEED 19073484895579
mode p
c IMP:p 0 0 0 1 16 8 4 2 1 1 239R 8 344R 4 464R 2 569R
c IMP:p 0 1 8 4 2 8 4 2 1 8 239R 4 344R 2 464R 8 80R 4 80R 2 80R
IMP:p 0 0 0 1 1 1 1 1 1 59R 1 95R $ 1 18R 1 18R
c
c =============== MATERIALS ===============================
m82   82000.               1           $ lead
c m82   6000                 0.000150      $ air
c      7014                 0.784431
c      8016                 0.210748
c      18000                0.004671
m112  1001                 0.627759
      5011                 0.046690
      6012                 0.325552    $ Borated Polyethylene, HC
c m112   6000                 0.000150      $ air
c      7014                 0.784431
c      8016                 0.210748
c      18000                0.004671
m5355 55133                2.0         $ CLYC (density = 3.31 g/cc)
      3006                 0.05
      3007                 0.95
      39089                1.0
      17035                4.5456
      17037                1.4544
c m6466 13027                1.0
m6466   6012                 0.3333
        9019                 0.6667     
c m5355   6000                 0.000150      $ air
c      7014                 0.784431
c      8016                 0.210748
c      18000                0.004671
c m5355 53127.74c            0.499999
c      55133.74c            0.500012    $ Iodide and Cesium
c ================= SOURCE TERM ==================
SDEF ERG = 0.6617 POS 100 0 0 VEC= -1.0 -0.0 -0.0 DIR=d1 WGT 20 par=p
SI1 -1 0.98 1
SP1 0 0.99 0.01
SB1 0. 0. 1.
c
c ================= TALLIES ==================
c FMESH104:p geom=xyz origin -100 -0.5 -100
c                       imesh  100          iints 200
c                       jmesh      0.5     jints   1
c                       kmesh           100 kints 200 
f4:p 7777
e4 0.01 12i 1
c e8 0 1e-5 50i 1
fc4 *Gamma Flux In Detector*
fq4 e f
c
c CTME  1
NPS  1.0E+5
