1    112   -0.93 -1
2    82    -11.5 -2
3    82    -11.5 -3
4    82    -11.5 -4
5    82    -11.5 -5
6    112   -0.93 -6
7    112   -0.93 -7
8    82    -11.5 -8
9    112   -0.93 -9
10    82    -11.5 -10
11    112   -0.93 -11
12    82    -11.5 -12
13    112   -0.93 -13
14    82    -11.5 -14
15    82    -11.5 -15
16    82    -11.5 -16
17    82    -11.5 -17
18    82    -11.5 -18
19    112   -0.93 -19
20    82    -11.5 -20
21    82    -11.5 -21
22    82    -11.5 -22
23    82    -11.5 -23
24    82    -11.5 -24
25    82    -11.5 -25
26    112   -0.93 -26
27    82    -11.5 -27
28    82    -11.5 -28
29    82    -11.5 -29
30    82    -11.5 -30
31    112   -0.93 -31
32    112   -0.93 -32
33    112   -0.93 -33
34    82    -11.5 -34
35    112   -0.93 -35
36    82    -11.5 -36
37    82    -11.5 -37
38    82    -11.5 -38
39    82    -11.5 -39
40    112   -0.93 -40
41    82    -11.5 -41
42    82    -11.5 -42
43    112   -0.93 -43
44    82    -11.5 -44
45    82    -11.5 -45
46    112   -0.93 -46
47    112   -0.93 -47
48    82    -11.5 -48
49    82    -11.5 -49
50    82    -11.5 -50
51    82    -11.5 -51
52    82    -11.5 -52
53    82    -11.5 -53
54    82    -11.5 -54
55    112   -0.93 -55
56    82    -11.5 -56
57    82    -11.5 -57
58    82    -11.5 -58
59    82    -11.5 -59
60    112   -0.93 -60
61    82    -11.5 -61
62    112   -0.93 -62
63    82    -11.5 -63
64    82    -11.5 -64
65    112   -0.93 -65
66    82    -11.5 -66
67    112   -0.93 -67
68    112   -0.93 -68
69    82    -11.5 -69
70    82    -11.5 -70
71    112   -0.93 -71
72    112   -0.93 -72
73    82    -11.5 -73
74    82    -11.5 -74
75    82    -11.5 -75
76    82    -11.5 -76
77    82    -11.5 -77
78    82    -11.5 -78
79    112   -0.93 -79
80    82    -11.5 -80
81    82    -11.5 -81
82    112   -0.93 -82
83    112   -0.93 -83
84    82    -11.5 -84
85    112   -0.93 -85
86    82    -11.5 -86
87    82    -11.5 -87
88    82    -11.5 -88
89    82    -11.5 -89
90    112   -0.93 -90
91    82    -11.5 -91
92    112   -0.93 -92
93    82    -11.5 -93
94    82    -11.5 -94
95    82    -11.5 -95
96    82    -11.5 -96
97    82    -11.5 -97
98    112   -0.93 -98
99    112   -0.93 -99
100    82    -11.5 -100
101    82    -11.5 -101
102    82    -11.5 -102
103    82    -11.5 -103
104    82    -11.5 -104
105    82    -11.5 -105
106    82    -11.5 -106
107    112   -0.93 -107
108    82    -11.5 -108
109    82    -11.5 -109
110    82    -11.5 -110
111    112   -0.93 -111
112    82    -11.5 -112
113    112   -0.93 -113
114    82    -11.5 -114
115    82    -11.5 -115
116    82    -11.5 -116
117    82    -11.5 -117
118    112   -0.93 -118
119    82    -11.5 -119
120    82    -11.5 -120
121    112   -0.93 -121
122    112   -0.93 -122
123    82    -11.5 -123
124    82    -11.5 -124
125    82    -11.5 -125
126    82    -11.5 -126
127    82    -11.5 -127
128    82    -11.5 -128
129    82    -11.5 -129
130    112   -0.93 -130
131    82    -11.5 -131
132    82    -11.5 -132
133    112   -0.93 -133
134    112   -0.93 -134
135    112   -0.93 -135
136    82    -11.5 -136
137    82    -11.5 -137
138    112   -0.93 -138
139    82    -11.5 -139
140    82    -11.5 -140
141    82    -11.5 -141
142    112   -0.93 -142
143    82    -11.5 -143
144    112   -0.93 -144
145    82    -11.5 -145
146    82    -11.5 -146
147    82    -11.5 -147
148    82    -11.5 -148
149    82    -11.5 -149
150    82    -11.5 -150
151    82    -11.5 -151
152    82    -11.5 -152
153    82    -11.5 -153
154    82    -11.5 -154
155    82    -11.5 -155
156    82    -11.5 -156
157    82    -11.5 -157
158    82    -11.5 -158
159    82    -11.5 -159
160    82    -11.5 -160
161    82    -11.5 -161
162    82    -11.5 -162
163    82    -11.5 -163
164    112   -0.93 -164
165    112   -0.93 -165
166    112   -0.93 -166
167    82    -11.5 -167
168    112   -0.93 -168
169    112   -0.93 -169
170    82    -11.5 -170
171    112   -0.93 -171
172    82    -11.5 -172
173    82    -11.5 -173
174    82    -11.5 -174
175    82    -11.5 -175
176    82    -11.5 -176
177    112   -0.93 -177
178    82    -11.5 -178
179    82    -11.5 -179
180    112   -0.93 -180
181    112   -0.93 -181
182    82    -11.5 -182
183    82    -11.5 -183
184    82    -11.5 -184
185    112   -0.93 -185
186    112   -0.93 -186
187    82    -11.5 -187
188    82    -11.5 -188
189    82    -11.5 -189
190    112   -0.93 -190
191    112   -0.93 -191
192    112   -0.93 -192
193    112   -0.93 -193
194    82    -11.5 -194
195    82    -11.5 -195
196    82    -11.5 -196
197    112   -0.93 -197
198    82    -11.5 -198
199    82    -11.5 -199
200    112   -0.93 -200
201    82    -11.5 -201
202    82    -11.5 -202
203    112   -0.93 -203
204    82    -11.5 -204
205    82    -11.5 -205
206    112   -0.93 -206
207    112   -0.93 -207
208    82    -11.5 -208
209    82    -11.5 -209
210    82    -11.5 -210
211    82    -11.5 -211
212    112   -0.93 -212
213    112   -0.93 -213
214    82    -11.5 -214
215    112   -0.93 -215
216    82    -11.5 -216
217    112   -0.93 -217
218    82    -11.5 -218
219    82    -11.5 -219
220    82    -11.5 -220
221    82    -11.5 -221
222    112   -0.93 -222
223    82    -11.5 -223
224    82    -11.5 -224
225    112   -0.93 -225
226    112   -0.93 -226
227    112   -0.93 -227
228    82    -11.5 -228
229    112   -0.93 -229
230    82    -11.5 -230
231    112   -0.93 -231
232    82    -11.5 -232
233    82    -11.5 -233
234    112   -0.93 -234
235    82    -11.5 -235
236    82    -11.5 -236
237    82    -11.5 -237
238    112   -0.93 -238
239    82    -11.5 -239
240    82    -11.5 -240
1001    82    -11.5 -1001
1002    82    -11.5 -1002
1003    82    -11.5 -1003
1004    82    -11.5 -1004
1005    112   -0.93 -1005
1006    82    -11.5 -1006
1007    82    -11.5 -1007
1008    112   -0.93 -1008
1009    82    -11.5 -1009
1010    112   -0.93 -1010
1011    112   -0.93 -1011
1012    82    -11.5 -1012
1013    82    -11.5 -1013
1014    112   -0.93 -1014
1015    82    -11.5 -1015
1016    112   -0.93 -1016
1017    82    -11.5 -1017
1018    82    -11.5 -1018
1019    82    -11.5 -1019
1020    112   -0.93 -1020
1021    82    -11.5 -1021
1022    82    -11.5 -1022
1023    112   -0.93 -1023
1024    82    -11.5 -1024
1025    112   -0.93 -1025
1026    82    -11.5 -1026
1027    112   -0.93 -1027
1028    112   -0.93 -1028
1029    82    -11.5 -1029
1030    112   -0.93 -1030
1031    82    -11.5 -1031
1032    82    -11.5 -1032
1033    82    -11.5 -1033
1034    82    -11.5 -1034
1035    82    -11.5 -1035
1036    112   -0.93 -1036
1037    82    -11.5 -1037
1038    82    -11.5 -1038
1039    82    -11.5 -1039
1040    82    -11.5 -1040
1041    112   -0.93 -1041
1042    82    -11.5 -1042
1043    82    -11.5 -1043
1044    112   -0.93 -1044
1045    82    -11.5 -1045
1046    82    -11.5 -1046
1047    82    -11.5 -1047
1048    82    -11.5 -1048
1049    82    -11.5 -1049
1050    82    -11.5 -1050
1051    112   -0.93 -1051
1052    82    -11.5 -1052
1053    112   -0.93 -1053
1054    82    -11.5 -1054
1055    82    -11.5 -1055
1056    82    -11.5 -1056
1057    112   -0.93 -1057
1058    112   -0.93 -1058
1059    82    -11.5 -1059
1060    82    -11.5 -1060
1061    82    -11.5 -1061
1062    112   -0.93 -1062
1063    112   -0.93 -1063
1064    82    -11.5 -1064
1065    112   -0.93 -1065
1066    82    -11.5 -1066
1067    112   -0.93 -1067
1068    82    -11.5 -1068
1069    82    -11.5 -1069
1070    112   -0.93 -1070
1071    82    -11.5 -1071
1072    82    -11.5 -1072
1073    82    -11.5 -1073
1074    112   -0.93 -1074
1075    82    -11.5 -1075
1076    112   -0.93 -1076
1077    82    -11.5 -1077
1078    82    -11.5 -1078
1079    112   -0.93 -1079
1080    112   -0.93 -1080
1081    82    -11.5 -1081
1082    82    -11.5 -1082
1083    82    -11.5 -1083
1084    112   -0.93 -1084
1085    82    -11.5 -1085
1086    82    -11.5 -1086
1087    82    -11.5 -1087
1088    82    -11.5 -1088
1089    82    -11.5 -1089
1090    82    -11.5 -1090
1091    82    -11.5 -1091
1092    82    -11.5 -1092
1093    82    -11.5 -1093
1094    82    -11.5 -1094
1095    82    -11.5 -1095
1096    82    -11.5 -1096
1097    82    -11.5 -1097
1098    82    -11.5 -1098
1099    82    -11.5 -1099
1100    82    -11.5 -1100
1101    82    -11.5 -1101
1102    82    -11.5 -1102
1103    82    -11.5 -1103
1104    112   -0.93 -1104
1105    112   -0.93 -1105
1106    82    -11.5 -1106
1107    112   -0.93 -1107
1108    112   -0.93 -1108
1109    82    -11.5 -1109
1110    112   -0.93 -1110
1111    112   -0.93 -1111
1112    82    -11.5 -1112
1113    82    -11.5 -1113
1114    82    -11.5 -1114
1115    112   -0.93 -1115
1116    112   -0.93 -1116
1117    82    -11.5 -1117
1118    112   -0.93 -1118
1119    112   -0.93 -1119
1120    82    -11.5 -1120
1121    82    -11.5 -1121
1122    82    -11.5 -1122
1123    112   -0.93 -1123
1124    112   -0.93 -1124
1125    112   -0.93 -1125
1126    82    -11.5 -1126
1127    82    -11.5 -1127
1128    82    -11.5 -1128
1129    82    -11.5 -1129
1130    112   -0.93 -1130
1131    82    -11.5 -1131
1132    82    -11.5 -1132
1133    112   -0.93 -1133
1134    82    -11.5 -1134
1135    112   -0.93 -1135
1136    82    -11.5 -1136
1137    82    -11.5 -1137
1138    82    -11.5 -1138
1139    82    -11.5 -1139
1140    82    -11.5 -1140
1141    112   -0.93 -1141
1142    82    -11.5 -1142
1143    82    -11.5 -1143
1144    82    -11.5 -1144
1145    82    -11.5 -1145
1146    112   -0.93 -1146
1147    112   -0.93 -1147
1148    82    -11.5 -1148
1149    82    -11.5 -1149
1150    112   -0.93 -1150
1151    82    -11.5 -1151
1152    82    -11.5 -1152
1153    112   -0.93 -1153
1154    82    -11.5 -1154
1155    82    -11.5 -1155
1156    82    -11.5 -1156
1157    112   -0.93 -1157
1158    82    -11.5 -1158
1159    82    -11.5 -1159
1160    82    -11.5 -1160
1161    82    -11.5 -1161
1162    82    -11.5 -1162
1163    82    -11.5 -1163
1164    82    -11.5 -1164
1165    82    -11.5 -1165
1166    82    -11.5 -1166
1167    112   -0.93 -1167
1168    82    -11.5 -1168
1169    112   -0.93 -1169
1170    82    -11.5 -1170
1171    82    -11.5 -1171
1172    82    -11.5 -1172
1173    82    -11.5 -1173
1174    82    -11.5 -1174
1175    112   -0.93 -1175
1176    112   -0.93 -1176
1177    112   -0.93 -1177
1178    82    -11.5 -1178
1179    82    -11.5 -1179
1180    82    -11.5 -1180
1181    82    -11.5 -1181
1182    112   -0.93 -1182
1183    82    -11.5 -1183
1184    82    -11.5 -1184
1185    112   -0.93 -1185
1186    82    -11.5 -1186
1187    82    -11.5 -1187
1188    82    -11.5 -1188
1189    82    -11.5 -1189
1190    82    -11.5 -1190
1191    112   -0.93 -1191
1192    112   -0.93 -1192
1193    82    -11.5 -1193
1194    82    -11.5 -1194
1195    82    -11.5 -1195
1196    82    -11.5 -1196
1197    112   -0.93 -1197
1198    82    -11.5 -1198
1199    82    -11.5 -1199
1200    82    -11.5 -1200
1201    112   -0.93 -1201
1202    112   -0.93 -1202
1203    112   -0.93 -1203
1204    112   -0.93 -1204
1205    82    -11.5 -1205
1206    82    -11.5 -1206
1207    82    -11.5 -1207
1208    82    -11.5 -1208
1209    82    -11.5 -1209
1210    82    -11.5 -1210
1211    112   -0.93 -1211
1212    82    -11.5 -1212
1213    112   -0.93 -1213
1214    82    -11.5 -1214
1215    82    -11.5 -1215
1216    82    -11.5 -1216
1217    112   -0.93 -1217
1218    82    -11.5 -1218
1219    112   -0.93 -1219
1220    82    -11.5 -1220
1221    82    -11.5 -1221
1222    112   -0.93 -1222
1223    82    -11.5 -1223
1224    112   -0.93 -1224
1225    82    -11.5 -1225
1226    112   -0.93 -1226
1227    82    -11.5 -1227
1228    82    -11.5 -1228
1229    112   -0.93 -1229
1230    82    -11.5 -1230
1231    82    -11.5 -1231
1232    82    -11.5 -1232
1233    82    -11.5 -1233
1234    112   -0.93 -1234
1235    82    -11.5 -1235
1236    112   -0.93 -1236
1237    112   -0.93 -1237
1238    112   -0.93 -1238
1239    112   -0.93 -1239
1240    82    -11.5 -1240
1241    82    -11.5 -1241
1242    82    -11.5 -1242
1243    112   -0.93 -1243
1244    82    -11.5 -1244
1245    82    -11.5 -1245
1246    82    -11.5 -1246
1247    112   -0.93 -1247
1248    82    -11.5 -1248
1249    82    -11.5 -1249
1250    82    -11.5 -1250
1251    82    -11.5 -1251
1252    82    -11.5 -1252
1253    82    -11.5 -1253
1254    82    -11.5 -1254
1255    82    -11.5 -1255
1256    82    -11.5 -1256
1257    82    -11.5 -1257
1258    112   -0.93 -1258
1259    112   -0.93 -1259
1260    112   -0.93 -1260
1261    82    -11.5 -1261
1262    112   -0.93 -1262
1263    82    -11.5 -1263
1264    112   -0.93 -1264
1265    112   -0.93 -1265
1266    112   -0.93 -1266
1267    112   -0.93 -1267
1268    112   -0.93 -1268
1269    112   -0.93 -1269
1270    82    -11.5 -1270
1271    82    -11.5 -1271
1272    82    -11.5 -1272
1273    82    -11.5 -1273
1274    82    -11.5 -1274
1275    82    -11.5 -1275
1276    112   -0.93 -1276
1277    82    -11.5 -1277
1278    112   -0.93 -1278
1279    112   -0.93 -1279
1280    82    -11.5 -1280
1281    112   -0.93 -1281
1282    82    -11.5 -1282
1283    82    -11.5 -1283
1284    112   -0.93 -1284
1285    112   -0.93 -1285
1286    82    -11.5 -1286
1287    82    -11.5 -1287
1288    82    -11.5 -1288
1289    112   -0.93 -1289
1290    82    -11.5 -1290
1291    82    -11.5 -1291
1292    82    -11.5 -1292
1293    82    -11.5 -1293
1294    82    -11.5 -1294
1295    82    -11.5 -1295
1296    82    -11.5 -1296
1297    82    -11.5 -1297
1298    82    -11.5 -1298
1299    82    -11.5 -1299
1300    82    -11.5 -1300
1301    82    -11.5 -1301
1302    82    -11.5 -1302
1303    82    -11.5 -1303
1304    82    -11.5 -1304
1305    112   -0.93 -1305
1306    82    -11.5 -1306
1307    112   -0.93 -1307
1308    112   -0.93 -1308
1309    82    -11.5 -1309
1310    82    -11.5 -1310
1311    82    -11.5 -1311
1312    112   -0.93 -1312
1313    82    -11.5 -1313
1314    112   -0.93 -1314
1315    82    -11.5 -1315
1316    112   -0.93 -1316
1317    82    -11.5 -1317
1318    112   -0.93 -1318
1319    112   -0.93 -1319
1320    112   -0.93 -1320
1321    82    -11.5 -1321
1322    112   -0.93 -1322
1323    82    -11.5 -1323
1324    82    -11.5 -1324
1325    82    -11.5 -1325
1326    112   -0.93 -1326
1327    82    -11.5 -1327
1328    82    -11.5 -1328
1329    82    -11.5 -1329
1330    82    -11.5 -1330
1331    112   -0.93 -1331
1332    82    -11.5 -1332
1333    112   -0.93 -1333
1334    82    -11.5 -1334
1335    112   -0.93 -1335
1336    82    -11.5 -1336
1337    82    -11.5 -1337
1338    112   -0.93 -1338
1339    82    -11.5 -1339
1340    112   -0.93 -1340
1341    82    -11.5 -1341
1342    82    -11.5 -1342
1343    112   -0.93 -1343
1344    112   -0.93 -1344
1345    112   -0.93 -1345
2001    82    -11.5 -2001
2002    82    -11.5 -2002
2003    112   -0.93 -2003
2004    82    -11.5 -2004
2005    82    -11.5 -2005
2006    112   -0.93 -2006
2007    112   -0.93 -2007
2008    82    -11.5 -2008
2009    82    -11.5 -2009
2010    112   -0.93 -2010
2011    112   -0.93 -2011
2012    82    -11.5 -2012
2013    82    -11.5 -2013
2014    82    -11.5 -2014
2015    82    -11.5 -2015
2016    82    -11.5 -2016
2017    112   -0.93 -2017
2018    82    -11.5 -2018
2019    82    -11.5 -2019
2020    82    -11.5 -2020
2021    82    -11.5 -2021
2022    112   -0.93 -2022
2023    82    -11.5 -2023
2024    82    -11.5 -2024
2025    82    -11.5 -2025
2026    112   -0.93 -2026
2027    82    -11.5 -2027
2028    112   -0.93 -2028
2029    112   -0.93 -2029
2030    112   -0.93 -2030
2031    112   -0.93 -2031
2032    112   -0.93 -2032
2033    82    -11.5 -2033
2034    82    -11.5 -2034
2035    112   -0.93 -2035
2036    82    -11.5 -2036
2037    82    -11.5 -2037
2038    82    -11.5 -2038
2039    82    -11.5 -2039
2040    82    -11.5 -2040
2041    112   -0.93 -2041
2042    82    -11.5 -2042
2043    112   -0.93 -2043
2044    112   -0.93 -2044
2045    82    -11.5 -2045
2046    82    -11.5 -2046
2047    112   -0.93 -2047
2048    112   -0.93 -2048
2049    82    -11.5 -2049
2050    82    -11.5 -2050
2051    112   -0.93 -2051
2052    112   -0.93 -2052
2053    112   -0.93 -2053
2054    82    -11.5 -2054
2055    82    -11.5 -2055
2056    112   -0.93 -2056
2057    112   -0.93 -2057
2058    112   -0.93 -2058
2059    112   -0.93 -2059
2060    112   -0.93 -2060
2061    112   -0.93 -2061
2062    82    -11.5 -2062
2063    112   -0.93 -2063
2064    82    -11.5 -2064
2065    82    -11.5 -2065
2066    112   -0.93 -2066
2067    82    -11.5 -2067
2068    82    -11.5 -2068
2069    82    -11.5 -2069
2070    112   -0.93 -2070
2071    82    -11.5 -2071
2072    82    -11.5 -2072
2073    82    -11.5 -2073
2074    112   -0.93 -2074
2075    82    -11.5 -2075
2076    112   -0.93 -2076
2077    112   -0.93 -2077
2078    82    -11.5 -2078
2079    112   -0.93 -2079
2080    82    -11.5 -2080
2081    112   -0.93 -2081
2082    82    -11.5 -2082
2083    112   -0.93 -2083
2084    82    -11.5 -2084
2085    112   -0.93 -2085
2086    82    -11.5 -2086
2087    82    -11.5 -2087
2088    82    -11.5 -2088
2089    82    -11.5 -2089
2090    82    -11.5 -2090
2091    82    -11.5 -2091
2092    112   -0.93 -2092
2093    82    -11.5 -2093
2094    82    -11.5 -2094
2095    112   -0.93 -2095
2096    82    -11.5 -2096
2097    82    -11.5 -2097
2098    82    -11.5 -2098
2099    82    -11.5 -2099
2100    112   -0.93 -2100
2101    82    -11.5 -2101
2102    82    -11.5 -2102
2103    82    -11.5 -2103
2104    82    -11.5 -2104
2105    112   -0.93 -2105
2106    82    -11.5 -2106
2107    112   -0.93 -2107
2108    82    -11.5 -2108
2109    112   -0.93 -2109
2110    112   -0.93 -2110
2111    82    -11.5 -2111
2112    112   -0.93 -2112
2113    112   -0.93 -2113
2114    112   -0.93 -2114
2115    82    -11.5 -2115
2116    82    -11.5 -2116
2117    82    -11.5 -2117
2118    82    -11.5 -2118
2119    112   -0.93 -2119
2120    82    -11.5 -2120
2121    82    -11.5 -2121
2122    82    -11.5 -2122
2123    82    -11.5 -2123
2124    82    -11.5 -2124
2125    112   -0.93 -2125
2126    82    -11.5 -2126
2127    82    -11.5 -2127
2128    82    -11.5 -2128
2129    82    -11.5 -2129
2130    112   -0.93 -2130
2131    112   -0.93 -2131
2132    82    -11.5 -2132
2133    82    -11.5 -2133
2134    82    -11.5 -2134
2135    112   -0.93 -2135
2136    82    -11.5 -2136
2137    82    -11.5 -2137
2138    112   -0.93 -2138
2139    112   -0.93 -2139
2140    112   -0.93 -2140
2141    82    -11.5 -2141
2142    82    -11.5 -2142
2143    112   -0.93 -2143
2144    112   -0.93 -2144
2145    82    -11.5 -2145
2146    112   -0.93 -2146
2147    82    -11.5 -2147
2148    82    -11.5 -2148
2149    82    -11.5 -2149
2150    112   -0.93 -2150
2151    82    -11.5 -2151
2152    82    -11.5 -2152
2153    82    -11.5 -2153
2154    82    -11.5 -2154
2155    82    -11.5 -2155
2156    82    -11.5 -2156
2157    112   -0.93 -2157
2158    82    -11.5 -2158
2159    82    -11.5 -2159
2160    112   -0.93 -2160
2161    82    -11.5 -2161
2162    112   -0.93 -2162
2163    82    -11.5 -2163
2164    112   -0.93 -2164
2165    82    -11.5 -2165
2166    82    -11.5 -2166
2167    82    -11.5 -2167
2168    112   -0.93 -2168
2169    112   -0.93 -2169
2170    112   -0.93 -2170
2171    82    -11.5 -2171
2172    82    -11.5 -2172
2173    82    -11.5 -2173
2174    112   -0.93 -2174
2175    82    -11.5 -2175
2176    82    -11.5 -2176
2177    112   -0.93 -2177
2178    82    -11.5 -2178
2179    82    -11.5 -2179
2180    82    -11.5 -2180
2181    112   -0.93 -2181
2182    112   -0.93 -2182
2183    82    -11.5 -2183
2184    82    -11.5 -2184
2185    82    -11.5 -2185
2186    82    -11.5 -2186
2187    82    -11.5 -2187
2188    82    -11.5 -2188
2189    82    -11.5 -2189
2190    82    -11.5 -2190
2191    82    -11.5 -2191
2192    82    -11.5 -2192
2193    82    -11.5 -2193
2194    82    -11.5 -2194
2195    82    -11.5 -2195
2196    82    -11.5 -2196
2197    112   -0.93 -2197
2198    82    -11.5 -2198
2199    82    -11.5 -2199
2200    82    -11.5 -2200
2201    82    -11.5 -2201
2202    112   -0.93 -2202
2203    112   -0.93 -2203
2204    82    -11.5 -2204
2205    112   -0.93 -2205
2206    82    -11.5 -2206
2207    82    -11.5 -2207
2208    112   -0.93 -2208
2209    82    -11.5 -2209
2210    82    -11.5 -2210
2211    82    -11.5 -2211
2212    112   -0.93 -2212
2213    82    -11.5 -2213
2214    82    -11.5 -2214
2215    112   -0.93 -2215
2216    112   -0.93 -2216
2217    82    -11.5 -2217
2218    112   -0.93 -2218
2219    112   -0.93 -2219
2220    82    -11.5 -2220
2221    82    -11.5 -2221
2222    82    -11.5 -2222
2223    82    -11.5 -2223
2224    112   -0.93 -2224
2225    82    -11.5 -2225
2226    82    -11.5 -2226
2227    82    -11.5 -2227
2228    82    -11.5 -2228
2229    112   -0.93 -2229
2230    112   -0.93 -2230
2231    82    -11.5 -2231
2232    82    -11.5 -2232
2233    82    -11.5 -2233
2234    82    -11.5 -2234
2235    82    -11.5 -2235
2236    112   -0.93 -2236
2237    82    -11.5 -2237
2238    112   -0.93 -2238
2239    112   -0.93 -2239
2240    82    -11.5 -2240
2241    82    -11.5 -2241
2242    112   -0.93 -2242
2243    82    -11.5 -2243
2244    82    -11.5 -2244
2245    82    -11.5 -2245
2246    82    -11.5 -2246
2247    112   -0.93 -2247
2248    82    -11.5 -2248
2249    82    -11.5 -2249
2250    112   -0.93 -2250
2251    112   -0.93 -2251
2252    112   -0.93 -2252
2253    82    -11.5 -2253
2254    82    -11.5 -2254
2255    112   -0.93 -2255
2256    82    -11.5 -2256
2257    82    -11.5 -2257
2258    82    -11.5 -2258
2259    112   -0.93 -2259
2260    112   -0.93 -2260
2261    82    -11.5 -2261
2262    82    -11.5 -2262
2263    112   -0.93 -2263
2264    112   -0.93 -2264
2265    82    -11.5 -2265
2266    82    -11.5 -2266
2267    82    -11.5 -2267
2268    112   -0.93 -2268
2269    82    -11.5 -2269
2270    82    -11.5 -2270
2271    82    -11.5 -2271
2272    82    -11.5 -2272
2273    112   -0.93 -2273
2274    82    -11.5 -2274
2275    82    -11.5 -2275
2276    112   -0.93 -2276
2277    82    -11.5 -2277
2278    82    -11.5 -2278
2279    82    -11.5 -2279
2280    112   -0.93 -2280
2281    82    -11.5 -2281
2282    82    -11.5 -2282
2283    82    -11.5 -2283
2284    82    -11.5 -2284
2285    82    -11.5 -2285
2286    82    -11.5 -2286
2287    112   -0.93 -2287
2288    112   -0.93 -2288
2289    82    -11.5 -2289
2290    82    -11.5 -2290
2291    82    -11.5 -2291
2292    82    -11.5 -2292
2293    112   -0.93 -2293
2294    112   -0.93 -2294
2295    82    -11.5 -2295
2296    82    -11.5 -2296
2297    82    -11.5 -2297
2298    82    -11.5 -2298
2299    82    -11.5 -2299
2300    112   -0.93 -2300
2301    82    -11.5 -2301
2302    112   -0.93 -2302
2303    112   -0.93 -2303
2304    112   -0.93 -2304
2305    82    -11.5 -2305
2306    82    -11.5 -2306
2307    82    -11.5 -2307
2308    112   -0.93 -2308
2309    112   -0.93 -2309
2310    82    -11.5 -2310
2311    82    -11.5 -2311
2312    82    -11.5 -2312
2313    82    -11.5 -2313
2314    82    -11.5 -2314
2315    82    -11.5 -2315
2316    82    -11.5 -2316
2317    112   -0.93 -2317
2318    112   -0.93 -2318
2319    82    -11.5 -2319
2320    82    -11.5 -2320
2321    82    -11.5 -2321
2322    112   -0.93 -2322
2323    112   -0.93 -2323
2324    112   -0.93 -2324
2325    82    -11.5 -2325
2326    82    -11.5 -2326
2327    82    -11.5 -2327
2328    112   -0.93 -2328
2329    112   -0.93 -2329
2330    112   -0.93 -2330
2331    112   -0.93 -2331
2332    82    -11.5 -2332
2333    112   -0.93 -2333
2334    82    -11.5 -2334
2335    112   -0.93 -2335
2336    112   -0.93 -2336
2337    112   -0.93 -2337
2338    82    -11.5 -2338
2339    82    -11.5 -2339
2340    82    -11.5 -2340
2341    82    -11.5 -2341
2342    82    -11.5 -2342
2343    112   -0.93 -2343
2344    112   -0.93 -2344
2345    82    -11.5 -2345
2346    112   -0.93 -2346
2347    82    -11.5 -2347
2348    112   -0.93 -2348
2349    82    -11.5 -2349
2350    82    -11.5 -2350
2351    82    -11.5 -2351
2352    82    -11.5 -2352
2353    112   -0.93 -2353
2354    112   -0.93 -2354
2355    82    -11.5 -2355
2356    112   -0.93 -2356
2357    82    -11.5 -2357
2358    82    -11.5 -2358
2359    82    -11.5 -2359
2360    82    -11.5 -2360
2361    82    -11.5 -2361
2362    112   -0.93 -2362
2363    82    -11.5 -2363
2364    112   -0.93 -2364
2365    112   -0.93 -2365
2366    82    -11.5 -2366
2367    82    -11.5 -2367
2368    82    -11.5 -2368
2369    82    -11.5 -2369
2370    112   -0.93 -2370
2371    82    -11.5 -2371
2372    82    -11.5 -2372
2373    112   -0.93 -2373
2374    112   -0.93 -2374
2375    112   -0.93 -2375
2376    82    -11.5 -2376
2377    82    -11.5 -2377
2378    82    -11.5 -2378
2379    112   -0.93 -2379
2380    82    -11.5 -2380
2381    82    -11.5 -2381
2382    82    -11.5 -2382
2383    112   -0.93 -2383
2384    112   -0.93 -2384
2385    82    -11.5 -2385
2386    112   -0.93 -2386
2387    82    -11.5 -2387
2388    112   -0.93 -2388
2389    82    -11.5 -2389
2390    82    -11.5 -2390
2391    112   -0.93 -2391
2392    82    -11.5 -2392
2393    82    -11.5 -2393
2394    82    -11.5 -2394
2395    112   -0.93 -2395
2396    82    -11.5 -2396
2397    112   -0.93 -2397
2398    82    -11.5 -2398
2399    112   -0.93 -2399
2400    82    -11.5 -2400
2401    82    -11.5 -2401
2402    82    -11.5 -2402
2403    112   -0.93 -2403
2404    82    -11.5 -2404
2405    112   -0.93 -2405
2406    112   -0.93 -2406
2407    82    -11.5 -2407
2408    82    -11.5 -2408
2409    112   -0.93 -2409
2410    82    -11.5 -2410
2411    82    -11.5 -2411
2412    82    -11.5 -2412
2413    112   -0.93 -2413
2414    82    -11.5 -2414
2415    82    -11.5 -2415
2416    82    -11.5 -2416
2417    82    -11.5 -2417
2418    112   -0.93 -2418
2419    82    -11.5 -2419
2420    82    -11.5 -2420
2421    82    -11.5 -2421
2422    82    -11.5 -2422
2423    82    -11.5 -2423
2424    82    -11.5 -2424
2425    82    -11.5 -2425
2426    82    -11.5 -2426
2427    112   -0.93 -2427
2428    82    -11.5 -2428
2429    82    -11.5 -2429
2430    82    -11.5 -2430
2431    82    -11.5 -2431
2432    82    -11.5 -2432
2433    82    -11.5 -2433
2434    82    -11.5 -2434
2435    82    -11.5 -2435
2436    82    -11.5 -2436
2437    82    -11.5 -2437
2438    112   -0.93 -2438
2439    82    -11.5 -2439
2440    112   -0.93 -2440
2441    82    -11.5 -2441
2442    112   -0.93 -2442
2443    112   -0.93 -2443
2444    112   -0.93 -2444
2445    82    -11.5 -2445
2446    82    -11.5 -2446
2447    112   -0.93 -2447
2448    82    -11.5 -2448
2449    82    -11.5 -2449
2450    112   -0.93 -2450
2451    82    -11.5 -2451
2452    112   -0.93 -2452
2453    82    -11.5 -2453
2454    82    -11.5 -2454
2455    112   -0.93 -2455
2456    112   -0.93 -2456
2457    82    -11.5 -2457
2458    82    -11.5 -2458
2459    82    -11.5 -2459
2460    82    -11.5 -2460
2461    112   -0.93 -2461
2462    82    -11.5 -2462
2463    82    -11.5 -2463
2464    82    -11.5 -2464
2465    112   -0.93 -2465
3001    82    -11.5 -3001
3002    82    -11.5 -3002
3003    82    -11.5 -3003
3004    82    -11.5 -3004
3005    112   -0.93 -3005
3006    112   -0.93 -3006
3007    82    -11.5 -3007
3008    82    -11.5 -3008
3009    112   -0.93 -3009
3010    82    -11.5 -3010
3011    112   -0.93 -3011
3012    112   -0.93 -3012
3013    82    -11.5 -3013
3014    112   -0.93 -3014
3015    82    -11.5 -3015
3016    82    -11.5 -3016
3017    82    -11.5 -3017
3018    112   -0.93 -3018
3019    112   -0.93 -3019
3020    82    -11.5 -3020
3021    82    -11.5 -3021
3022    82    -11.5 -3022
3023    82    -11.5 -3023
3024    82    -11.5 -3024
3025    82    -11.5 -3025
3026    112   -0.93 -3026
3027    112   -0.93 -3027
3028    82    -11.5 -3028
3029    112   -0.93 -3029
3030    82    -11.5 -3030
3031    82    -11.5 -3031
3032    82    -11.5 -3032
3033    82    -11.5 -3033
3034    82    -11.5 -3034
3035    82    -11.5 -3035
3036    112   -0.93 -3036
3037    112   -0.93 -3037
3038    112   -0.93 -3038
3039    112   -0.93 -3039
3040    82    -11.5 -3040
3041    112   -0.93 -3041
3042    112   -0.93 -3042
3043    82    -11.5 -3043
3044    82    -11.5 -3044
3045    112   -0.93 -3045
3046    82    -11.5 -3046
3047    112   -0.93 -3047
3048    82    -11.5 -3048
3049    112   -0.93 -3049
3050    112   -0.93 -3050
3051    82    -11.5 -3051
3052    82    -11.5 -3052
3053    82    -11.5 -3053
3054    112   -0.93 -3054
3055    112   -0.93 -3055
3056    82    -11.5 -3056
3057    82    -11.5 -3057
3058    82    -11.5 -3058
3059    112   -0.93 -3059
3060    112   -0.93 -3060
3061    82    -11.5 -3061
3062    112   -0.93 -3062
3063    82    -11.5 -3063
3064    82    -11.5 -3064
3065    82    -11.5 -3065
3066    82    -11.5 -3066
3067    112   -0.93 -3067
3068    112   -0.93 -3068
3069    82    -11.5 -3069
3070    82    -11.5 -3070
3071    82    -11.5 -3071
3072    82    -11.5 -3072
3073    82    -11.5 -3073
3074    82    -11.5 -3074
3075    112   -0.93 -3075
3076    112   -0.93 -3076
3077    82    -11.5 -3077
3078    82    -11.5 -3078
3079    112   -0.93 -3079
3080    112   -0.93 -3080
3081    82    -11.5 -3081
3082    82    -11.5 -3082
3083    82    -11.5 -3083
3084    82    -11.5 -3084
3085    112   -0.93 -3085
3086    82    -11.5 -3086
3087    82    -11.5 -3087
3088    112   -0.93 -3088
3089    82    -11.5 -3089
3090    112   -0.93 -3090
3091    82    -11.5 -3091
3092    112   -0.93 -3092
3093    112   -0.93 -3093
3094    82    -11.5 -3094
3095    112   -0.93 -3095
3096    82    -11.5 -3096
3097    112   -0.93 -3097
3098    82    -11.5 -3098
3099    112   -0.93 -3099
3100    82    -11.5 -3100
3101    82    -11.5 -3101
3102    82    -11.5 -3102
3103    82    -11.5 -3103
3104    82    -11.5 -3104
3105    82    -11.5 -3105
3106    112   -0.93 -3106
3107    112   -0.93 -3107
3108    112   -0.93 -3108
3109    112   -0.93 -3109
3110    112   -0.93 -3110
3111    82    -11.5 -3111
3112    82    -11.5 -3112
3113    112   -0.93 -3113
3114    112   -0.93 -3114
3115    82    -11.5 -3115
3116    112   -0.93 -3116
3117    112   -0.93 -3117
3118    82    -11.5 -3118
3119    82    -11.5 -3119
3120    112   -0.93 -3120
3121    82    -11.5 -3121
3122    112   -0.93 -3122
3123    112   -0.93 -3123
3124    82    -11.5 -3124
3125    112   -0.93 -3125
3126    82    -11.5 -3126
3127    82    -11.5 -3127
3128    82    -11.5 -3128
3129    82    -11.5 -3129
3130    112   -0.93 -3130
3131    82    -11.5 -3131
3132    82    -11.5 -3132
3133    82    -11.5 -3133
3134    82    -11.5 -3134
3135    82    -11.5 -3135
3136    112   -0.93 -3136
3137    112   -0.93 -3137
3138    82    -11.5 -3138
3139    82    -11.5 -3139
3140    82    -11.5 -3140
3141    112   -0.93 -3141
3142    82    -11.5 -3142
3143    82    -11.5 -3143
3144    82    -11.5 -3144
3145    82    -11.5 -3145
3146    112   -0.93 -3146
3147    82    -11.5 -3147
3148    82    -11.5 -3148
3149    82    -11.5 -3149
3150    82    -11.5 -3150
3151    82    -11.5 -3151
3152    112   -0.93 -3152
3153    82    -11.5 -3153
3154    82    -11.5 -3154
3155    82    -11.5 -3155
3156    82    -11.5 -3156
3157    82    -11.5 -3157
3158    112   -0.93 -3158
3159    82    -11.5 -3159
3160    82    -11.5 -3160
3161    112   -0.93 -3161
3162    82    -11.5 -3162
3163    82    -11.5 -3163
3164    112   -0.93 -3164
3165    82    -11.5 -3165
3166    82    -11.5 -3166
3167    82    -11.5 -3167
3168    82    -11.5 -3168
3169    82    -11.5 -3169
3170    82    -11.5 -3170
3171    82    -11.5 -3171
3172    112   -0.93 -3172
3173    82    -11.5 -3173
3174    82    -11.5 -3174
3175    82    -11.5 -3175
3176    82    -11.5 -3176
3177    82    -11.5 -3177
3178    112   -0.93 -3178
3179    82    -11.5 -3179
3180    82    -11.5 -3180
3181    112   -0.93 -3181
3182    82    -11.5 -3182
3183    112   -0.93 -3183
3184    112   -0.93 -3184
3185    82    -11.5 -3185
3186    112   -0.93 -3186
3187    82    -11.5 -3187
3188    82    -11.5 -3188
3189    112   -0.93 -3189
3190    82    -11.5 -3190
3191    82    -11.5 -3191
3192    82    -11.5 -3192
3193    82    -11.5 -3193
3194    82    -11.5 -3194
3195    82    -11.5 -3195
3196    82    -11.5 -3196
3197    82    -11.5 -3197
3198    112   -0.93 -3198
3199    112   -0.93 -3199
3200    112   -0.93 -3200
3201    112   -0.93 -3201
3202    112   -0.93 -3202
3203    112   -0.93 -3203
3204    112   -0.93 -3204
3205    82    -11.5 -3205
3206    82    -11.5 -3206
3207    82    -11.5 -3207
3208    82    -11.5 -3208
3209    82    -11.5 -3209
3210    82    -11.5 -3210
3211    82    -11.5 -3211
3212    112   -0.93 -3212
3213    82    -11.5 -3213
3214    82    -11.5 -3214
3215    82    -11.5 -3215
3216    82    -11.5 -3216
3217    82    -11.5 -3217
3218    82    -11.5 -3218
3219    82    -11.5 -3219
3220    82    -11.5 -3220
3221    112   -0.93 -3221
3222    82    -11.5 -3222
3223    82    -11.5 -3223
3224    82    -11.5 -3224
3225    82    -11.5 -3225
3226    82    -11.5 -3226
3227    112   -0.93 -3227
3228    112   -0.93 -3228
3229    82    -11.5 -3229
3230    82    -11.5 -3230
3231    112   -0.93 -3231
3232    82    -11.5 -3232
3233    112   -0.93 -3233
3234    82    -11.5 -3234
3235    82    -11.5 -3235
3236    82    -11.5 -3236
3237    112   -0.93 -3237
3238    82    -11.5 -3238
3239    82    -11.5 -3239
3240    82    -11.5 -3240
3241    82    -11.5 -3241
3242    112   -0.93 -3242
3243    82    -11.5 -3243
3244    82    -11.5 -3244
3245    82    -11.5 -3245
3246    82    -11.5 -3246
3247    112   -0.93 -3247
3248    82    -11.5 -3248
3249    112   -0.93 -3249
3250    82    -11.5 -3250
3251    112   -0.93 -3251
3252    82    -11.5 -3252
3253    82    -11.5 -3253
3254    112   -0.93 -3254
3255    82    -11.5 -3255
3256    82    -11.5 -3256
3257    82    -11.5 -3257
3258    112   -0.93 -3258
3259    112   -0.93 -3259
3260    82    -11.5 -3260
3261    82    -11.5 -3261
3262    82    -11.5 -3262
3263    82    -11.5 -3263
3264    82    -11.5 -3264
3265    112   -0.93 -3265
3266    112   -0.93 -3266
3267    82    -11.5 -3267
3268    82    -11.5 -3268
3269    82    -11.5 -3269
3270    112   -0.93 -3270
3271    82    -11.5 -3271
3272    112   -0.93 -3272
3273    112   -0.93 -3273
3274    82    -11.5 -3274
3275    112   -0.93 -3275
3276    82    -11.5 -3276
3277    82    -11.5 -3277
3278    82    -11.5 -3278
3279    112   -0.93 -3279
3280    112   -0.93 -3280
3281    82    -11.5 -3281
3282    112   -0.93 -3282
3283    112   -0.93 -3283
3284    82    -11.5 -3284
3285    112   -0.93 -3285
3286    82    -11.5 -3286
3287    82    -11.5 -3287
3288    82    -11.5 -3288
3289    82    -11.5 -3289
3290    82    -11.5 -3290
3291    82    -11.5 -3291
3292    112   -0.93 -3292
3293    112   -0.93 -3293
3294    82    -11.5 -3294
3295    112   -0.93 -3295
3296    82    -11.5 -3296
3297    112   -0.93 -3297
3298    112   -0.93 -3298
3299    82    -11.5 -3299
3300    112   -0.93 -3300
3301    112   -0.93 -3301
3302    82    -11.5 -3302
3303    112   -0.93 -3303
3304    82    -11.5 -3304
3305    112   -0.93 -3305
3306    82    -11.5 -3306
3307    82    -11.5 -3307
3308    82    -11.5 -3308
3309    82    -11.5 -3309
3310    112   -0.93 -3310
3311    112   -0.93 -3311
3312    82    -11.5 -3312
3313    82    -11.5 -3313
3314    112   -0.93 -3314
3315    82    -11.5 -3315
3316    112   -0.93 -3316
3317    82    -11.5 -3317
3318    82    -11.5 -3318
3319    82    -11.5 -3319
3320    82    -11.5 -3320
3321    112   -0.93 -3321
3322    112   -0.93 -3322
3323    82    -11.5 -3323
3324    112   -0.93 -3324
3325    82    -11.5 -3325
3326    82    -11.5 -3326
3327    112   -0.93 -3327
3328    82    -11.5 -3328
3329    82    -11.5 -3329
3330    112   -0.93 -3330
3331    112   -0.93 -3331
3332    82    -11.5 -3332
3333    82    -11.5 -3333
3334    112   -0.93 -3334
3335    112   -0.93 -3335
3336    112   -0.93 -3336
3337    82    -11.5 -3337
3338    82    -11.5 -3338
3339    82    -11.5 -3339
3340    112   -0.93 -3340
3341    112   -0.93 -3341
3342    112   -0.93 -3342
3343    82    -11.5 -3343
3344    82    -11.5 -3344
3345    112   -0.93 -3345
3346    112   -0.93 -3346
3347    112   -0.93 -3347
3348    82    -11.5 -3348
3349    112   -0.93 -3349
3350    82    -11.5 -3350
3351    112   -0.93 -3351
3352    112   -0.93 -3352
3353    112   -0.93 -3353
3354    82    -11.5 -3354
3355    82    -11.5 -3355
3356    82    -11.5 -3356
3357    112   -0.93 -3357
3358    82    -11.5 -3358
3359    112   -0.93 -3359
3360    82    -11.5 -3360
3361    82    -11.5 -3361
3362    82    -11.5 -3362
3363    112   -0.93 -3363
3364    112   -0.93 -3364
3365    112   -0.93 -3365
3366    112   -0.93 -3366
3367    82    -11.5 -3367
3368    112   -0.93 -3368
3369    82    -11.5 -3369
3370    82    -11.5 -3370
3371    82    -11.5 -3371
3372    82    -11.5 -3372
3373    112   -0.93 -3373
3374    112   -0.93 -3374
3375    82    -11.5 -3375
3376    82    -11.5 -3376
3377    82    -11.5 -3377
3378    82    -11.5 -3378
3379    82    -11.5 -3379
3380    112   -0.93 -3380
3381    82    -11.5 -3381
3382    82    -11.5 -3382
3383    82    -11.5 -3383
3384    82    -11.5 -3384
3385    82    -11.5 -3385
3386    82    -11.5 -3386
3387    112   -0.93 -3387
3388    82    -11.5 -3388
3389    82    -11.5 -3389
3390    82    -11.5 -3390
3391    82    -11.5 -3391
3392    82    -11.5 -3392
3393    112   -0.93 -3393
3394    82    -11.5 -3394
3395    112   -0.93 -3395
3396    112   -0.93 -3396
3397    112   -0.93 -3397
3398    82    -11.5 -3398
3399    112   -0.93 -3399
3400    82    -11.5 -3400
3401    82    -11.5 -3401
3402    82    -11.5 -3402
3403    82    -11.5 -3403
3404    82    -11.5 -3404
3405    82    -11.5 -3405
3406    82    -11.5 -3406
3407    112   -0.93 -3407
3408    112   -0.93 -3408
3409    112   -0.93 -3409
3410    82    -11.5 -3410
3411    112   -0.93 -3411
3412    82    -11.5 -3412
3413    82    -11.5 -3413
3414    82    -11.5 -3414
3415    112   -0.93 -3415
3416    82    -11.5 -3416
3417    112   -0.93 -3417
3418    82    -11.5 -3418
3419    112   -0.93 -3419
3420    82    -11.5 -3420
3421    82    -11.5 -3421
3422    82    -11.5 -3422
3423    112   -0.93 -3423
3424    112   -0.93 -3424
3425    112   -0.93 -3425
3426    112   -0.93 -3426
3427    82    -11.5 -3427
3428    82    -11.5 -3428
3429    82    -11.5 -3429
3430    112   -0.93 -3430
3431    112   -0.93 -3431
3432    112   -0.93 -3432
3433    112   -0.93 -3433
3434    82    -11.5 -3434
3435    112   -0.93 -3435
3436    82    -11.5 -3436
3437    82    -11.5 -3437
3438    82    -11.5 -3438
3439    82    -11.5 -3439
3440    82    -11.5 -3440
3441    82    -11.5 -3441
3442    82    -11.5 -3442
3443    82    -11.5 -3443
3444    112   -0.93 -3444
3445    112   -0.93 -3445
3446    82    -11.5 -3446
3447    82    -11.5 -3447
3448    82    -11.5 -3448
3449    82    -11.5 -3449
3450    112   -0.93 -3450
3451    82    -11.5 -3451
3452    112   -0.93 -3452
3453    82    -11.5 -3453
3454    82    -11.5 -3454
3455    112   -0.93 -3455
3456    82    -11.5 -3456
3457    82    -11.5 -3457
3458    112   -0.93 -3458
3459    82    -11.5 -3459
3460    112   -0.93 -3460
3461    112   -0.93 -3461
3462    82    -11.5 -3462
3463    82    -11.5 -3463
3464    82    -11.5 -3464
3465    82    -11.5 -3465
3466    82    -11.5 -3466
3467    82    -11.5 -3467
3468    82    -11.5 -3468
3469    112   -0.93 -3469
3470    82    -11.5 -3470
3471    112   -0.93 -3471
3472    82    -11.5 -3472
3473    82    -11.5 -3473
3474    82    -11.5 -3474
3475    82    -11.5 -3475
3476    82    -11.5 -3476
3477    112   -0.93 -3477
3478    82    -11.5 -3478
3479    82    -11.5 -3479
3480    112   -0.93 -3480
3481    82    -11.5 -3481
3482    82    -11.5 -3482
3483    82    -11.5 -3483
3484    82    -11.5 -3484
3485    112   -0.93 -3485
3486    112   -0.93 -3486
3487    82    -11.5 -3487
3488    82    -11.5 -3488
3489    112   -0.93 -3489
3490    112   -0.93 -3490
3491    82    -11.5 -3491
3492    112   -0.93 -3492
3493    82    -11.5 -3493
3494    82    -11.5 -3494
3495    82    -11.5 -3495
3496    112   -0.93 -3496
3497    82    -11.5 -3497
3498    82    -11.5 -3498
3499    112   -0.93 -3499
3500    112   -0.93 -3500
3501    82    -11.5 -3501
3502    112   -0.93 -3502
3503    82    -11.5 -3503
3504    82    -11.5 -3504
3505    82    -11.5 -3505
3506    82    -11.5 -3506
3507    112   -0.93 -3507
3508    82    -11.5 -3508
3509    82    -11.5 -3509
3510    82    -11.5 -3510
3511    112   -0.93 -3511
3512    112   -0.93 -3512
3513    82    -11.5 -3513
3514    112   -0.93 -3514
3515    82    -11.5 -3515
3516    82    -11.5 -3516
3517    112   -0.93 -3517
3518    82    -11.5 -3518
3519    112   -0.93 -3519
3520    82    -11.5 -3520
3521    82    -11.5 -3521
3522    112   -0.93 -3522
3523    112   -0.93 -3523
3524    82    -11.5 -3524
3525    82    -11.5 -3525
3526    82    -11.5 -3526
3527    112   -0.93 -3527
3528    82    -11.5 -3528
3529    112   -0.93 -3529
3530    82    -11.5 -3530
3531    82    -11.5 -3531
3532    112   -0.93 -3532
3533    112   -0.93 -3533
3534    82    -11.5 -3534
3535    82    -11.5 -3535
3536    112   -0.93 -3536
3537    112   -0.93 -3537
3538    82    -11.5 -3538
3539    82    -11.5 -3539
3540    112   -0.93 -3540
3541    82    -11.5 -3541
3542    112   -0.93 -3542
3543    82    -11.5 -3543
3544    112   -0.93 -3544
3545    82    -11.5 -3545
3546    112   -0.93 -3546
3547    82    -11.5 -3547
3548    82    -11.5 -3548
3549    112   -0.93 -3549
3550    82    -11.5 -3550
3551    82    -11.5 -3551
3552    112   -0.93 -3552
3553    82    -11.5 -3553
3554    82    -11.5 -3554
3555    112   -0.93 -3555
3556    82    -11.5 -3556
3557    82    -11.5 -3557
3558    112   -0.93 -3558
3559    112   -0.93 -3559
3560    82    -11.5 -3560
3561    82    -11.5 -3561
3562    112   -0.93 -3562
3563    82    -11.5 -3563
3564    82    -11.5 -3564
3565    82    -11.5 -3565
3566    82    -11.5 -3566
3567    112   -0.93 -3567
3568    82    -11.5 -3568
3569    82    -11.5 -3569
3570    82    -11.5 -3570
